11111111110000001111111111000000011111111111111001111111111000000011111111111111111111110000000000011111111111111111111000000000000011111111111111111111110000000000011111111111111111111000000
11111111110000001111111111000000011111111111111001111111111000000011111111111111111111110000000000011111111111111111111000000000000011111111111111111111110000000000011111111111111111111000000
11111111110000001111111111000000011111111111111001111111111000000011111111111111111111110000000000011111111111111111111000000000000011111111111111111111110000000000011111111111111111111000000
11111111110000001111111111000000011111111111111001111111111000000011111111111111111111110000000000011111111111111111111000000000000011111111111111111111110000000000011111111111111111111000000
11111111110000001111111111000000011111111111111001111111111000000011111111111111111111110000000000011111111111111111111000000000000011111111111111111111110000000000011111111111111111111000000
11111111110000001111111111000000011111111111111001111111111000000011111111111111111111110000000000011111111111111111111000000000000011111111111111111111110000000000011111111111111111111000000
11111111110000001111111111000000011111111111111001111111111000000011111111111111111111110000000000011111111111111111111000000000000011111111111111111111110000000000011111111111111111111000000
11111111110000001111111111000000011111111111111001111111111000000011111111111111111111110000000000011111111111111111111000000000000011111111111111111111110000000000011111111111111111111000000
11111111110000001111111111000000011111111111111001111111111000000011111111111111111111110000000000011111111111111111111000000000000011111111111111111111110000000000011111111111111111111000000
11111111110000001111111111000000011111111111111001111111111000000011111111111111111111110000000000011111111111111111111000000000000011111111111111111111110000000000011111111111111111111000000
00000000000000000000000000000000011111111111111000000000000000000011111111111111111111110000000000011111111111111111111000000000000011111111111111111111110000000000011111111111111111111000000
00000000000000000000000000000000011111111111111000000000000000000011111111111111111111110000000000011111111111111111111000000000000011111111111111111111110000000000011111111111111111111000000
00000000000000000000000000000000011111111111111000000000000000000011111111111111111111110000000000011111111111111111111000000000000011111111111111111111110000000000011111111111111111111000000
00000000000000000000000000000000011111111111111000000000000000000011111111111111111111110000000000011111111111111111111000000000000011111111111111111111110000000000011111111111111111111000000
00000000000000000000000000000000000000000000000000000000000000000011111111111111111111110000000000011111111111111111111000000000000011111111111111111111110000000000011111111111111111111000000
00000000000000000000000000000000000000000000000000000000000000000011111111111111111111110000000000011111111111111111111000000000000011111111111111111111110000000000011111111111111111111000000
11111111111100001111111111110000011111111000000001111111111110000011111111111111111111110000000000011111111111111111111000000000000011111111111111111111110000000000011111111111111111111000000
11111111111100001111111111110000011111111000000001111111111110000011111111111111111111110000000000011111111111111111111000000000000011111111111111111111110000000000011111111111111111111000000
11111111111100001111111111110000011111111000000001111111111110000011111111111111111111110000000000011111111111111111111000000000000011111111111111111111110000000000011111111111111111111000000
11111111111100001111111111110000011111111000000001111111111110000011111111111111111111110000000000011111111111111111111000000000000011111111111111111111110000000000011111111111111111111000000
11111111111100001111111111110000011111111000000001111111111110000011111111111111111111110000000000000000000000000000000000000000000011111111111111111111110000000000000000000000000000000000000
11111111111100001111111111110000011111111000000001111111111110000011111111111111111111110000000000000000000000000000000000000000000011111111111111111111110000000000000000000000000000000000000
11111111111100001111111111110000011111111000000001111111111110000000000000000000000000000000000000000000000000000000000000000000000000000000000000000000000000000000000000000000000000000000000
11111111111100001111111111110000011111111000000001111111111110000000000000000000000000000000000000000000000000000000000000000000000000000000000000000000000000000000000000000000000000000000000
11111111111100001111111111110000000000000000000001111111111110000000000000000000000000000000000000000000000000000000000000000000000000000000000000000000000000000000000000000000000000000000000
11111111111100001111111111110000000000000000000001111111111110000000000000000000000000000000000000000000000000000000000000000000000000000000000000000000000000000000000000000000000000000000000
11111111111100001111111111110000000000000000000001111111111110000000000000000000000000000000000000000000000000000000000000000000000000000000000000000000000000000000000000000000000000000000000
11111111111100001111111111110000000000000000000001111111111110000000000000000000000000000000000000000000000000000000000000000000000000000000000000000000000000000000000000000000000000000000000
00000000000000000000000000000000000000000000000000000000000000000000000000000000000000000000000000000000000000000000000000000000000000000000000000000000000000000000000000000000000000000000000
00000000000000000000000000000000000000000000000000000000000000000000000000000000000000000000000000000000000000000000000000000000000000000000000000000000000000000000000000000000000000000000000
00000000000000000000000000000000000000000000000000000000000000000000000000000000000000000000000000000000000000000000000000000000000000000000000000000000000000000000000000000000000000000000000
00000000000000000000000000000000000000000000000000000000000000000000000000000000000000000000000000000000000000000000000000000000000000000000000000000000000000000000000000000000000000000000000
00000000000000000000000000000000000000000000000000000000000000000000000000000000000000000000000000000000000000000000000000000000000000000000000000000000000000000000000000000000000000000000000
11111111111111111111110000000000011111111110000001111111111111100011111111111111111111000000000000011111111111111110000000000000000011111111111111111111000000000000011111111111000001111111100
11111111111111111111110000000000011111111110000001111111111111100011111111111111111111000000000000011111111111111110000000000000000011111111111111111111000000000000011111111111000001111111100
11111111111111111111110000000000011111111110000001111111111111100011111111111111111111000000000000011111111111111110000000000000000011111111111111111111000000000000011111111111000001111111100
11111111111111111111110000000000011111111110000001111111111111100011111111111111111111000000000000011111111111111110000000000000000011111111111111111111000000000000011111111111000001111111100
11111111111111111111110000000000011111111110000001111111111111100011111111111111111111000000000000011111111111111110000000000000000011111111111111111111000000000000011111111111000001111111100
11111111111111111111110000000000011111111110000001111111111111100011111111111111111111000000000000011111111111111110000000000000000011111111111111111111000000000000011111111111000001111111100
11111111111111111111110000000000011111111110000001111111111111100011111111111111111111000000000000011111111111111110000000000000000011111111111111111111000000000000011111111111000001111111100
11111111111111111111110000000000011111111110000001111111111111100011111111111111111111000000000000011111111111111110000000000000000011111111111111111111000000000000011111111111000001111111100
11111111111111111111110000000000011111111110000001111111111111100011111111111111111111000000000000011111111111111110000000000000000011111111111111111111000000000000011111111111000000000000000
11111111111111111111110000000000011111111110000001111111111111100011111111111111111111000000000000011111111111111110000000000000000011111111111111111111000000000000011111111111000000000000000
11111111111111111111110000000000000000000000000001111111111111100011111111111111111111000000000000011111111111111110000000000000000011111111111111111111000000000000011111111111000000000000000
11111111111111111111110000000000000000000000000001111111111111100011111111111111111111000000000000011111111111111110000000000000000011111111111111111111000000000000000000000000000000000000000
11111111111111111111110000000000000000000000000001111111111111100011111111111111111111000000000000011111111111111110000000000000000011111111111111111111000000000000000000000000000000000000000
11111111111111111111110000000000000000000000000001111111111111100011111111111111111111000000000000011111111111111110000000000000000011111111111111111111000000000000000000000000000000000000000
11111111111111111111110000000000000000000000000000000000000000000011111111111111111111000000000000011111111111111110000000000000000011111111111111111111000000000000000000000000000000000000000
11111111111111111111110000000000000000000000000000000000000000000011111111111111111111000000000000011111111111111110000000000000000011111111111111111111000000000000000000000000000000000000000
11111111111111111111110000000000011111111111100001111111100000000011111111111111111111000000000000000000000000000000000000000000000011111111111111111111000000000000011111111111100001111111110
11111111111111111111110000000000011111111111100001111111100000000011111111111111111111000000000000000000000000000000000000000000000011111111111111111111000000000000011111111111100001111111110
11111111111111111111110000000000011111111111100001111111100000000011111111111111111111000000000000000000000000000000000000000000000011111111111111111111000000000000011111111111100001111111110
11111111111111111111110000000000011111111111100001111111100000000011111111111111111111000000000000000000000000000000000000000000000011111111111111111111000000000000011111111111100001111111110
11111111111111111111110000000000011111111111100001111111100000000000000000000000000000000000000000000000000000000000000000000000000000000000000000000000000000000000011111111111100001111111110
11111111111111111111110000000000011111111111100001111111100000000000000000000000000000000000000000000000000000000000000000000000000000000000000000000000000000000000011111111111100001111111110
00000000000000000000000000000000011111111111100001111111100000000000000000000000000000000000000000000000000000000000000000000000000000000000000000000000000000000000011111111111100001111111110
00000000000000000000000000000000011111111111100001111111100000000000000000000000000000000000000000000000000000000000000000000000000000000000000000000000000000000000011111111111100001111111110
00000000000000000000000000000000011111111111100000000000000000000000000000000000000000000000000000000000000000000000000000000000000000000000000000000000000000000000011111111111100001111111110
00000000000000000000000000000000011111111111100000000000000000000000000000000000000000000000000000000000000000000000000000000000000000000000000000000000000000000000011111111111100000000000000
00000000000000000000000000000000011111111111100000000000000000000000000000000000000000000000000000000000000000000000000000000000000000000000000000000000000000000000011111111111100000000000000
00000000000000000000000000000000011111111111100000000000000000000000000000000000000000000000000000000000000000000000000000000000000000000000000000000000000000000000011111111111100000000000000
00000000000000000000000000000000000000000000000000000000000000000000000000000000000000000000000000000000000000000000000000000000000000000000000000000000000000000000000000000000000000000000000
00000000000000000000000000000000000000000000000000000000000000000000000000000000000000000000000000000000000000000000000000000000000000000000000000000000000000000000000000000000000000000000000
00000000000000000000000000000000000000000000000000000000000000000000000000000000000000000000000000000000000000000000000000000000000000000000000000000000000000000000000000000000000000000000000
00000000000000000000000000000000000000000000000000000000000000000000000000000000000000000000000000000000000000000000000000000000000000000000000000000000000000000000000000000000000000000000000
00000000000000000000000000000000000000000000000000000000000000000000000000000000000000000000000000000000000000000000000000000000000000000000000000000000000000000000000000000000000000000000000
11111000111100001111111011110000011111111111111111100000000000000011111111111111110000000000000000011110000111100001111000011111100011111111111111111111000000000000011111111111111111111110000
11111000111100001111111011110000011111111111111111100000000000000011111111111111110000000000000000011110000111100001111000011111100011111111111111111111000000000000011111111111111111111110000
11111000111100001111111011110000011111111111111111100000000000000011111111111111110000000000000000011110000111100001111000011111100011111111111111111111000000000000011111111111111111111110000
11111000111100001111111011110000011111111111111111100000000000000011111111111111110000000000000000011110000111100001111000011111100011111111111111111111000000000000011111111111111111111110000
11111000000000001111111000000000011111111111111111100000000000000011111111111111110000000000000000000000000000000000000000011111100011111111111111111111000000000000011111111111111111111110000
00000000000000001111111000000000011111111111111111100000000000000011111111111111110000000000000000000000000000000000000000011111100011111111111111111111000000000000011111111111111111111110000
00000000000000001111111000000000011111111111111111100000000000000011111111111111110000000000000000000000000000000000000000000000000011111111111111111111000000000000011111111111111111111110000
00000000000000000000000000000000011111111111111111100000000000000011111111111111110000000000000000000000000000000000000000000000000011111111111111111111000000000000011111111111111111111110000
11111100111110001111111011111110011111111111111111100000000000000011111111111111110000000000000000011111110111111101111111011111110011111111111111111111000000000000011111111111111111111110000
11111100111110001111111011111110011111111111111111100000000000000011111111111111110000000000000000011111110111111101111111011111110011111111111111111111000000000000011111111111111111111110000
11111100111110001111111011111110011111111111111111100000000000000011111111111111110000000000000000011111110111111101111111011111110011111111111111111111000000000000011111111111111111111110000
11111100111110001111111011111110011111111111111111100000000000000011111111111111110000000000000000011111110111111101111111011111110011111111111111111111000000000000011111111111111111111110000
11111100111110001111111011111110011111111111111111100000000000000011111111111111110000000000000000011111110111111101111111011111110011111111111111111111000000000000011111111111111111111110000
11111100000000001111111011111110011111111111111111100000000000000011111111111111110000000000000000011111110111111101111111011111110011111111111111111111000000000000011111111111111111111110000
00000000000000001111111011111110011111111111111111100000000000000011111111111111110000000000000000011111110111111101111111011111110011111111111111111111000000000000011111111111111111111110000
00000000000000000000000000000000011111111111111111100000000000000011111111111111110000000000000000000000000000000000000000000000000011111111111111111111000000000000011111111111111111111110000
11110000111111001111111011110000011111111111111111100000000000000000000000000000000000000000000000011110000111111001111110011110000011111111111111111111000000000000011111111111111111111110000
11110000111111001111111011110000011111111111111111100000000000000000000000000000000000000000000000011110000111111001111110011110000011111111111111111111000000000000011111111111111111111110000
11110000111111001111111011110000000000000000000000000000000000000000000000000000000000000000000000011110000111111001111110011110000011111111111111111111000000000000011111111111111111111110000
11110000111111001111111011110000000000000000000000000000000000000000000000000000000000000000000000011110000111111001111110011110000011111111111111111111000000000000011111111111111111111110000
00000000111111001111111000000000000000000000000000000000000000000000000000000000000000000000000000000000000111111001111110000000000000000000000000000000000000000000011111111111111111111110000
00000000111111001111111000000000000000000000000000000000000000000000000000000000000000000000000000000000000111111001111110000000000000000000000000000000000000000000011111111111111111111110000
00000000000000001111111000000000000000000000000000000000000000000000000000000000000000000000000000000000000000000000000000000000000000000000000000000000000000000000000000000000000000000000000
00000000000000000000000000000000000000000000000000000000000000000000000000000000000000000000000000000000000000000000000000000000000000000000000000000000000000000000000000000000000000000000000
11111000111100001111111011111110000000000000000000000000000000000000000000000000000000000000000000011111000111100001111000011111000000000000000000000000000000000000000000000000000000000000000
11111000111100001111111011111110000000000000000000000000000000000000000000000000000000000000000000011111000111100001111000011111000000000000000000000000000000000000000000000000000000000000000
11111000111100001111111011111110000000000000000000000000000000000000000000000000000000000000000000011111000111100001111000011111000000000000000000000000000000000000000000000000000000000000000
11111000111100001111111011111110000000000000000000000000000000000000000000000000000000000000000000011111000111100001111000011111000000000000000000000000000000000000000000000000000000000000000
11111000000000001111111011111110000000000000000000000000000000000000000000000000000000000000000000011111000000000000000000011111000000000000000000000000000000000000000000000000000000000000000
00000000000000001111111011111110000000000000000000000000000000000000000000000000000000000000000000000000000000000000000000000000000000000000000000000000000000000000000000000000000000000000000
00000000000000001111111011111110000000000000000000000000000000000000000000000000000000000000000000000000000000000000000000000000000000000000000000000000000000000000000000000000000000000000000
00000000000000000000000000000000000000000000000000000000000000000000000000000000000000000000000000000000000000000000000000000000000000000000000000000000000000000000000000000000000000000000000
00000000000000000000000000000000000000000000000000000000000000000000000000000000000000000000000000000000000000000000000000000000000000000000000000000000000000000000000000000000000000000000000
11111111111111111111111111111000011101110110011101100111011100000011111111111100001111111100000000011111111111111110000000000000000011111111111111110000000000000000011101110111011001100111011
11111111111111111111111111111000011101110110011101100111011100000011111111111100001111111100000000011111111111111110000000000000000011111111111111110000000000000000011101110111011001100111011
11111111111111111111111111111000011101110000011100000111011100000011111111111100001111111100000000011111111111111110000000000000000011111111111111110000000000000000011101110111000000000111011
11111111111111111111111111111000000000000000000000000000000000000011111111111100001111111100000000011111111111111110000000000000000011111111111111110000000000000000000000000000000000000000000
11111111111111111111111111111000011101110110011101110111011100000011111111111100001111111100000000011111111111111110000000000000000011111111111111110000000000000000011001110110011001100111011
11111111111111111111111111111000011101110110011101110111011100000011111111111100001111111100000000011111111111111110000000000000000011111111111111110000000000000000011001110110011001100111011
11111111111111111111111111111000011101110000011101110111011100000011111111111100001111111100000000011111111111111110000000000000000011111111111111110000000000000000000001110000000000000111011
11111111111111111111111111111000000000000000000000000000000000000011111111111100001111111100000000011111111111111110000000000000000011111111111111110000000000000000000000000000000000000000000
11111111111111111111111111111000011101110111011001110110011100000011111111111100000000000000000000011111111111111110000000000000000011111111111111110000000000000000011101110110011101100111011
11111111111111111111111111111000011101110111011001110110011100000011111111111100000000000000000000011111111111111110000000000000000011111111111111110000000000000000011101110110011101100111011
11111111111111111111111111111000011101110111000001110000011100000011111111111100000000000000000000011111111111111110000000000000000011111111111111110000000000000000011101110000011100000111000
11111111111111111111111111111000000000000000000000000000000000000011111111111100000000000000000000011111111111111110000000000000000011111111111111110000000000000000000000000000000000000000000
11111111111111111111111111111000011101100111011001110110011100000000000000000000000000000000000000011111111111111110000000000000000011111111111111110000000000000000011101110110011001110110011
11111111111111111111111111111000011101100111011001110110011100000000000000000000000000000000000000011111111111111110000000000000000011111111111111110000000000000000011101110110011001110110011
11111111111111111111111111111000011100000111000001110000011100000000000000000000000000000000000000011111111111111110000000000000000011111111111111110000000000000000011101110000000001110000011
11111111111111111111111111111000000000000000000000000000000000000000000000000000000000000000000000011111111111111110000000000000000011111111111111110000000000000000000000000000000000000000000
11111111111111111111111111111000011101100111011101100110011100000011111111000000001111111111100000000000000000000000000000000000000000000000000000000000000000000000011001110110011101100111011
11111111111111111111111111111000011101100111011101100110011100000011111111000000001111111111100000000000000000000000000000000000000000000000000000000000000000000000011001110110011101100111011
11111111111111111111111111111000011100000111011100000000011100000011111111000000001111111111100000000000000000000000000000000000000000000000000000000000000000000000000001110000011100000111011
11111111111111111111111111111000000000000000000000000000000000000011111111000000001111111111100000000000000000000000000000000000000000000000000000000000000000000000000000000000000000000000000
11111111111111111111111111111000011101110111011101100111011100000011111111000000001111111111100000000000000000000000000000000000000000000000000000000000000000000000011101100110011001110110011
11111111111111111111111111111000011101110111011101100111011100000011111111000000001111111111100000000000000000000000000000000000000000000000000000000000000000000000011101100110011001110110011
11111111111111111111111111111000011101110111011100000111011100000011111111000000001111111111100000000000000000000000000000000000000000000000000000000000000000000000011100000000000001110000011
11111111111111111111111111111000000000000000000000000000000000000011111111000000001111111111100000000000000000000000000000000000000000000000000000000000000000000000000000000000000000000000000
11111111111111111111111111111000011101110111011101110111011100000000000000000000001111111111100000000000000000000000000000000000000000000000000000000000000000000000011001110111011001100110011
11111111111111111111111111111000011101110111011101110111011100000000000000000000001111111111100000000000000000000000000000000000000000000000000000000000000000000000011001110111011001100110011
11111111111111111111111111111000011101110111011101110111011100000000000000000000001111111111100000000000000000000000000000000000000000000000000000000000000000000000000001110111000000000000011
11111111111111111111111111111000000000000000000000000000000000000000000000000000000000000000000000000000000000000000000000000000000000000000000000000000000000000000000000000000000000000000000
11111111111111111111111111111000000000000000000000000000000000000000000000000000000000000000000000000000000000000000000000000000000000000000000000000000000000000000000000000000000000000000000
00000000000000000000000000000000000000000000000000000000000000000000000000000000000000000000000000000000000000000000000000000000000000000000000000000000000000000000000000000000000000000000000
00000000000000000000000000000000000000000000000000000000000000000000000000000000000000000000000000000000000000000000000000000000000000000000000000000000000000000000000000000000000000000000000
00000000000000000000000000000000000000000000000000000000000000000000000000000000000000000000000000000000000000000000000000000000000000000000000000000000000000000000000000000000000000000000000
00000000000000000000000000000000000000000000000000000000000000000000000000000000000000000000000000000000000000000000000000000000000000000000000000000000000000000000000000000000000000000000000
11111111111111111111110000000000011111111111111111111110000000000011111111111111001111111100000000011111110111100001111111011110000011111111111100001111111111111110011111111100000001111111100
11111111111111111111110000000000011111111111111111111110000000000011111111111111001111111100000000011111110111100001111111011110000011111111111100001111111111111110011111111100000001111111100
11111111111111111111110000000000011111111111111111111110000000000011111111111111001111111100000000011111110111100001111111011110000011111111111100001111111111111110011111111100000001111111100
11111111111111111111110000000000011111111111111111111110000000000011111111111111001111111100000000011111110111100001111111011110000011111111111100001111111111111110011111111100000001111111100
11111111111111111111110000000000011111111111111111111110000000000011111111111111001111111100000000011111110000000001111111000000000011111111111100001111111111111110011111111100000001111111100
11111111111111111111110000000000011111111111111111111110000000000011111111111111001111111100000000011111110000000001111111000000000011111111111100001111111111111110011111111100000001111111100
11111111111111111111110000000000011111111111111111111110000000000011111111111111001111111100000000011111110000000001111111000000000011111111111100001111111111111110011111111100000001111111100
11111111111111111111110000000000011111111111111111111110000000000011111111111111001111111100000000000000000000000000000000000000000011111111111100001111111111111110011111111100000001111111100
11111111111111111111110000000000011111111111111111111110000000000011111111111111000000000000000000011111110111111101111111011111110011111111111100001111111111111110011111111100000000000000000
11111111111111111111110000000000011111111111111111111110000000000011111111111111000000000000000000011111110111111101111111011111110011111111111100001111111111111110000000000000000000000000000
11111111111111111111110000000000011111111111111111111110000000000011111111111111000000000000000000011111110111111101111111011111110011111111111100001111111111111110000000000000000000000000000
11111111111111111111110000000000011111111111111111111110000000000011111111111111000000000000000000011111110111111101111111011111110011111111111100001111111111111110000000000000000000000000000
11111111111111111111110000000000011111111111111111111110000000000011111111111111000000000000000000011111110111111101111111011111110000000000000000001111111111111110000000000000000000000000000
11111111111111111111110000000000011111111111111111111110000000000011111111111111000000000000000000011111110111111101111111011111110000000000000000001111111111111110000000000000000000000000000
11111111111111111111110000000000011111111111111111111110000000000000000000000000000000000000000000011111110111111101111111011111110000000000000000001111111111111110000000000000000000000000000
11111111111111111111110000000000011111111111111111111110000000000000000000000000000000000000000000000000000000000000000000000000000000000000000000000000000000000000000000000000000000000000000
11111111111111111111110000000000011111111111111111111110000000000011111111110000001111111111000000011111110111111001111111011111000011111111111100001111111111110000011111111111100001111111100
11111111111111111111110000000000011111111111111111111110000000000011111111110000001111111111000000011111110111111001111111011111000011111111111100001111111111110000011111111111100001111111100
11111111111111111111110000000000011111111111111111111110000000000011111111110000001111111111000000011111110111111001111111011111000011111111111100001111111111110000011111111111100001111111100
11111111111111111111110000000000011111111111111111111110000000000011111111110000001111111111000000011111110111111001111111011111000011111111111100001111111111110000011111111111100001111111100
11111111111111111111110000000000011111111111111111111110000000000011111111110000001111111111000000011111110111111001111111011111000011111111111100001111111111110000011111111111100001111111100
11111111111111111111110000000000011111111111111111111110000000000011111111110000001111111111000000011111110111111001111111000000000011111111111100001111111111110000011111111111100001111111100
00000000000000000000000000000000000000000000000000000000000000000011111111110000001111111111000000011111110000000001111111000000000011111111111100001111111111110000011111111111100001111111100
00000000000000000000000000000000000000000000000000000000000000000011111111110000001111111111000000000000000000000000000000000000000011111111111100001111111111110000011111111111100001111111100
00000000000000000000000000000000000000000000000000000000000000000011111111110000001111111111000000011111110111111101111000011110000011111111111100001111111111110000011111111111100000000000000
00000000000000000000000000000000000000000000000000000000000000000011111111110000001111111111000000011111110111111101111000011110000011111111111100001111111111110000011111111111100000000000000
00000000000000000000000000000000000000000000000000000000000000000000000000000000000000000000000000011111110111111101111000011110000011111111111100001111111111110000011111111111100000000000000
00000000000000000000000000000000000000000000000000000000000000000000000000000000000000000000000000011111110111111101111000011110000011111111111100001111111111110000011111111111100000000000000
00000000000000000000000000000000000000000000000000000000000000000000000000000000000000000000000000011111110111111100000000000000000000000000000000000000000000000000000000000000000000000000000
00000000000000000000000000000000000000000000000000000000000000000000000000000000000000000000000000011111110111111100000000000000000000000000000000000000000000000000000000000000000000000000000
00000000000000000000000000000000000000000000000000000000000000000000000000000000000000000000000000011111110111111100000000000000000000000000000000000000000000000000000000000000000000000000000
00000000000000000000000000000000000000000000000000000000000000000000000000000000000000000000000000000000000000000000000000000000000000000000000000000000000000000000000000000000000000000000000
00000000000000000000000000000000000000000000000000000000000000000000000000000000000000000000000000000000000000000000000000000000000000000000000000000000000000000000000000000000000000000000000
11111111111111111111111111111000011110000111111001111000011111100000000000000000000000000000000000000000000000000000000000000000000000000000000000000000000000000000000000000000000000000000000
11111111111111111111111111111000011110000111111001111000011111100000000000000000000000000000000000000000000000000000000000000000000000000000000000000000000000000000000000000000000000000000000
11111111111111111111111111111000011110000111111001111000011111100000000000000000000000000000000000000000000000000000000000000000000000000000000000000000000000000000000000000000000000000000000
11111111111111111111111111111000011110000111111001111000011111100000000000000000000000000000000000000000000000000000000000000000000000000000000000000000000000000000000000000000000000000000000
11111111111111111111111111111000000000000111111000000000011111100000000000000000000000000000000000000000000000000000000000000000000000000000000000000000000000000000000000000000000000000000000
11111111111111111111111111111000000000000111111000000000011111100000000000000000000000000000000000000000000000000000000000000000000000000000000000000000000000000000000000000000000000000000000
11111111111111111111111111111000000000000000000000000000000000000000000000000000000000000000000000000000000000000000000000000000000000000000000000000000000000000000000000000000000000000000000
11111111111111111111111111111000000000000000000000000000000000000000000000000000000000000000000000000000000000000000000000000000000000000000000000000000000000000000000000000000000000000000000
11111111111111111111111111111000011111100111100001111000011111100000000000000000000000000000000000000000000000000000000000000000000000000000000000000000000000000000000000000000000000000000000
11111111111111111111111111111000011111100111100001111000011111100000000000000000000000000000000000000000000000000000000000000000000000000000000000000000000000000000000000000000000000000000000
11111111111111111111111111111000011111100111100001111000011111100000000000000000000000000000000000000000000000000000000000000000000000000000000000000000000000000000000000000000000000000000000
11111111111111111111111111111000011111100111100001111000011111100000000000000000000000000000000000000000000000000000000000000000000000000000000000000000000000000000000000000000000000000000000
11111111111111111111111111111000011111100000000000000000011111100000000000000000000000000000000000000000000000000000000000000000000000000000000000000000000000000000000000000000000000000000000
11111111111111111111111111111000011111100000000000000000011111100000000000000000000000000000000000000000000000000000000000000000000000000000000000000000000000000000000000000000000000000000000
11111111111111111111111111111000000000000000000000000000000000000000000000000000000000000000000000000000000000000000000000000000000000000000000000000000000000000000000000000000000000000000000
11111111111111111111111111111000000000000000000000000000000000000000000000000000000000000000000000000000000000000000000000000000000000000000000000000000000000000000000000000000000000000000000
11111111111111111111111111111000011110000111110001111000011111100000000000000000000000000000000000000000000000000000000000000000000000000000000000000000000000000000000000000000000000000000000
11111111111111111111111111111000011110000111110001111000011111100000000000000000000000000000000000000000000000000000000000000000000000000000000000000000000000000000000000000000000000000000000
11111111111111111111111111111000011110000111110001111000011111100000000000000000000000000000000000000000000000000000000000000000000000000000000000000000000000000000000000000000000000000000000
11111111111111111111111111111000011110000111110001111000011111100000000000000000000000000000000000000000000000000000000000000000000000000000000000000000000000000000000000000000000000000000000
11111111111111111111111111111000000000000111110000000000011111100000000000000000000000000000000000000000000000000000000000000000000000000000000000000000000000000000000000000000000000000000000
11111111111111111111111111111000000000000000000000000000011111100000000000000000000000000000000000000000000000000000000000000000000000000000000000000000000000000000000000000000000000000000000
11111111111111111111111111111000000000000000000000000000000000000000000000000000000000000000000000000000000000000000000000000000000000000000000000000000000000000000000000000000000000000000000
11111111111111111111111111111000000000000000000000000000000000000000000000000000000000000000000000000000000000000000000000000000000000000000000000000000000000000000000000000000000000000000000
11111111111111111111111111111000011111100111100001111100011111000000000000000000000000000000000000000000000000000000000000000000000000000000000000000000000000000000000000000000000000000000000
11111111111111111111111111111000011111100111100001111100011111000000000000000000000000000000000000000000000000000000000000000000000000000000000000000000000000000000000000000000000000000000000
11111111111111111111111111111000011111100111100001111100011111000000000000000000000000000000000000000000000000000000000000000000000000000000000000000000000000000000000000000000000000000000000
11111111111111111111111111111000011111100111100001111100011111000000000000000000000000000000000000000000000000000000000000000000000000000000000000000000000000000000000000000000000000000000000
11111111111111111111111111111000011111100000000001111100011111000000000000000000000000000000000000000000000000000000000000000000000000000000000000000000000000000000000000000000000000000000000

x, y : 194, 191