76 -1 4 -1
27 0 4 0
76 1 4 1
76 -1 4 0
27 0 4 1
76 1 4 2
76 -1 4 1
27 0 4 2
76 1 4 3
76 -1 4 2
27 0 4 3
76 1 4 4
76 -1 4 3
27 0 4 4
76 1 4 5
76 -1 4 4
27 0 4 5
76 1 4 6
76 -1 4 5
27 0 4 6
76 1 4 7
76 -1 4 6
27 0 4 7
76 1 4 8
76 -1 4 7
27 0 4 8
76 1 4 9
76 -1 4 8
27 0 4 9
76 1 4 10
76 -1 4 9
27 0 4 10
76 1 4 11
76 -1 4 10
27 0 4 11
76 1 4 12
76 -1 4 11
27 0 4 12
76 1 4 13
76 -1 4 12
27 0 4 13
76 1 4 14
76 -1 4 13
27 0 4 14
76 1 4 15
76 -1 4 14
27 0 4 15
76 1 4 16
76 -1 4 15
27 0 4 16
76 1 4 17
76 -1 4 16
27 0 4 17
76 1 4 18
76 -1 4 17
27 0 4 18
76 1 4 19
76 -1 4 18
27 0 4 19
76 1 4 20
76 -1 4 19
27 0 4 20
76 1 4 21
76 -1 4 20
27 0 4 21
76 1 4 22
76 -1 4 21
27 0 4 22
76 1 4 23
76 -1 4 22
27 0 4 23
76 1 4 24
76 -1 4 23
27 0 4 24
76 1 4 25
76 -1 4 24
27 0 4 25
76 1 4 26
76 -1 4 25
27 0 4 26
76 1 4 27
76 -1 4 26
27 0 4 27
76 1 4 28
76 -1 4 27
27 0 4 28
76 1 4 29
76 -1 4 28
27 0 4 29
76 1 4 30
76 -1 4 29
27 0 4 30
76 1 4 31
76 -1 4 30
27 0 4 31
76 1 4 32
76 -1 4 31
27 0 4 32
76 1 4 33
76 -1 4 32
27 0 4 33
76 1 4 34
76 -1 4 33
27 0 4 34
76 1 4 35
76 -1 4 34
27 0 4 35
76 1 4 36
76 -1 4 35
27 0 4 36
76 1 4 37
76 -1 4 36
27 0 4 37
76 1 4 38
76 -1 4 37
27 0 4 38
76 1 4 39
76 -1 4 38
27 0 4 39
76 1 4 40
76 -1 4 39
27 0 4 40
76 1 4 41
76 -1 4 40
27 0 4 41
76 1 4 42
76 -1 4 41
27 0 4 42
76 1 4 43
76 -1 4 42
27 0 4 43
76 1 4 44
76 -1 4 43
27 0 4 44
76 1 4 45
76 -1 4 44
27 0 4 45
76 1 4 46
76 -1 4 45
27 0 4 46
76 1 4 47
76 -1 4 46
27 0 4 47
76 1 4 48
76 -1 4 47
27 0 4 48
76 1 4 49
76 -1 4 48
27 0 4 49
76 1 4 50
76 -1 4 49
27 0 4 50
76 1 4 51
76 -1 4 50
27 0 4 51
76 1 4 52
76 -1 4 51
27 0 4 52
76 1 4 53
76 -1 4 52
27 0 4 53
76 1 4 54
76 -1 4 53
27 0 4 54
76 1 4 55
76 -1 4 54
27 0 4 55
76 1 4 56
76 -1 4 55
27 0 4 56
76 1 4 57
76 -1 4 56
27 0 4 57
76 1 4 58
76 -1 4 57
27 0 4 58
76 1 4 59
76 -1 4 58
27 0 4 59
76 1 4 60
76 -1 4 59
27 0 4 60
76 1 4 61
76 -1 4 60
27 0 4 61
76 1 4 62
76 -1 4 61
27 0 4 62
76 1 4 63
76 -1 4 62
27 0 4 63
76 1 4 64
76 -1 4 63
27 0 4 64
76 1 4 65
76 -1 4 64
27 0 4 65
76 1 4 66
76 -1 4 65
27 0 4 66
76 1 4 67
76 -1 4 66
27 0 4 67
76 1 4 68
76 -1 4 67
27 0 4 68
76 1 4 69
76 -1 4 68
27 0 4 69
76 1 4 70
76 -1 4 69
27 0 4 70
76 1 4 71
76 -1 4 70
27 0 4 71
76 1 4 72
76 -1 4 71
27 0 4 72
76 1 4 73
76 -1 4 72
27 0 4 73
76 1 4 74
76 -1 4 73
27 0 4 74
76 1 4 75
76 -1 4 74
27 0 4 75
76 1 4 76
76 -1 4 75
27 0 4 76
76 1 4 77
76 -1 4 76
27 0 4 77
76 1 4 78
76 -1 4 77
27 0 4 78
76 1 4 79
76 -1 4 78
27 0 4 79
76 1 4 80
76 -1 4 79
27 0 4 80
76 1 4 81
76 -1 4 80
27 0 4 81
76 1 4 82
76 -1 4 81
27 0 4 82
76 1 4 83
76 -1 4 82
27 0 4 83
76 1 4 84
76 -1 4 83
27 0 4 84
76 1 4 85
76 -1 4 84
27 0 4 85
76 1 4 86
76 -1 4 85
27 0 4 86
76 1 4 87
76 -1 4 86
27 0 4 87
76 1 4 88
76 -1 4 87
27 0 4 88
76 1 4 89
76 -1 4 88
27 0 4 89
76 1 4 90
76 -1 4 89
27 0 4 90
76 1 4 91
76 -1 4 90
27 0 4 91
76 1 4 92
76 -1 4 91
27 0 4 92
76 1 4 93
76 -1 4 92
27 0 4 93
76 1 4 94
76 -1 4 93
27 0 4 94
76 1 4 95
76 -1 4 94
27 0 4 95
76 1 4 96
76 -1 4 95
27 0 4 96
76 1 4 97
76 -1 4 96
27 0 4 97
76 1 4 98
76 -1 4 97
27 0 4 98
76 1 4 99
76 -1 4 98
27 0 4 99
76 1 4 100
76 -1 4 99
27 0 4 100
76 1 4 101
76 -1 4 100
27 0 4 101
76 1 4 102
76 -1 4 101
27 0 4 102
76 1 4 103
76 -1 4 102
27 0 4 103
76 1 4 104
76 -1 4 103
27 0 4 104
76 1 4 105
76 -1 4 104
27 0 4 105
76 1 4 106
76 -1 4 105
27 0 4 106
76 1 4 107
76 -1 4 106
27 0 4 107
76 1 4 108
76 -1 4 107
27 0 4 108
76 1 4 109
76 -1 4 108
27 0 4 109
76 1 4 110
76 -1 4 109
27 0 4 110
76 1 4 111
76 -1 4 110
27 0 4 111
76 1 4 112
76 -1 4 111
27 0 4 112
76 1 4 113
76 -1 4 112
27 0 4 113
76 1 4 114
76 -1 4 113
27 0 4 114
76 1 4 115
76 -1 4 114
27 0 4 115
76 1 4 116
76 -1 4 115
27 0 4 116
76 1 4 117
76 -1 4 116
27 0 4 117
76 1 4 118
76 -1 4 117
27 0 4 118
76 1 4 119
76 -1 4 118
27 0 4 119
76 1 4 120
76 -1 4 119
27 0 4 120
76 1 4 121
76 -1 4 120
27 0 4 121
76 1 4 122
76 -1 4 121
27 0 4 122
76 1 4 123
76 -1 4 122
27 0 4 123
76 1 4 124
76 -1 4 123
27 0 4 124
76 1 4 125
76 -1 4 124
27 0 4 125
76 1 4 126
76 -1 4 125
27 0 4 126
76 1 4 127
76 -1 4 126
27 0 4 127
76 1 4 128
76 -1 4 127
27 0 4 128
76 1 4 129
76 -1 4 128
27 0 4 129
76 1 4 130
76 -1 4 129
27 0 4 130
76 1 4 131
76 -1 4 130
27 0 4 131
76 1 4 132
76 -1 4 131
27 0 4 132
76 1 4 133
76 -1 4 132
27 0 4 133
76 1 4 134
76 -1 4 133
27 0 4 134
76 1 4 135
76 -1 4 134
27 0 4 135
76 1 4 136
76 -1 4 135
27 0 4 136
76 1 4 137
76 -1 4 136
27 0 4 137
76 1 4 138
76 -1 4 137
27 0 4 138
76 1 4 139
76 -1 4 138
27 0 4 139
76 1 4 140
76 -1 4 139
27 0 4 140
76 1 4 141
76 -1 4 140
27 0 4 141
76 1 4 142
76 -1 4 141
27 0 4 142
76 1 4 143
76 -1 4 142
27 0 4 143
76 1 4 144
76 -1 4 143
27 0 4 144
76 1 4 145
76 -1 4 144
27 0 4 145
76 1 4 146
76 -1 4 145
27 0 4 146
76 1 4 147
76 -1 4 146
27 0 4 147
76 1 4 148
76 -1 4 147
27 0 4 148
76 1 4 149
76 -1 4 148
27 0 4 149
76 1 4 150
76 -1 4 149
27 0 4 150
76 1 4 151
76 -1 4 150
27 0 4 151
76 1 4 152
76 -1 4 151
27 0 4 152
76 1 4 153
76 -1 4 152
27 0 4 153
76 1 4 154
76 -1 4 153
27 0 4 154
76 1 4 155
76 -1 4 154
27 0 4 155
76 1 4 156
76 -1 4 155
27 0 4 156
76 1 4 157
76 -1 4 156
27 0 4 157
76 1 4 158
76 -1 4 157
27 0 4 158
76 1 4 159
76 -1 4 158
27 0 4 159
76 1 4 160
76 -1 4 159
27 0 4 160
76 1 4 161
76 -1 4 160
27 0 4 161
76 1 4 162
76 -1 4 161
27 0 4 162
76 1 4 163
76 -1 4 162
27 0 4 163
76 1 4 164
76 -1 4 163
27 0 4 164
76 1 4 165
76 -1 4 164
27 0 4 165
76 1 4 166
76 -1 4 165
27 0 4 166
76 1 4 167
76 -1 4 166
27 0 4 167
76 1 4 168
76 -1 4 167
27 0 4 168
76 1 4 169
76 -1 4 168
27 0 4 169
76 1 4 170
76 -1 4 169
27 0 4 170
76 1 4 171
76 -1 4 170
27 0 4 171
76 1 4 172
76 -1 4 171
27 0 4 172
76 1 4 173
76 -1 4 172
27 0 4 173
76 1 4 174
76 -1 4 173
27 0 4 174
76 1 4 175
76 -1 4 174
27 0 4 175
76 1 4 176
76 0 4 -1
27 1 4 0
76 2 4 1
76 0 4 33
27 1 4 34
76 2 4 35
76 0 4 67
27 1 4 68
76 2 4 69
76 0 4 101
27 1 4 102
76 2 4 103
76 0 4 135
27 1 4 136
76 2 4 137
76 0 4 169
27 1 4 170
76 2 4 171
76 0 4 174
27 1 4 175
76 2 4 176
76 1 4 -1
27 2 4 0
76 3 4 1
76 1 4 33
27 2 4 34
76 3 4 35
76 1 4 67
27 2 4 68
76 3 4 69
76 1 4 101
27 2 4 102
76 3 4 103
76 1 4 135
27 2 4 136
76 3 4 137
76 1 4 169
27 2 4 170
76 3 4 171
76 1 4 174
27 2 4 175
76 3 4 176
76 2 4 -1
27 3 4 0
76 4 4 1
76 2 4 33
27 3 4 34
76 4 4 35
76 2 4 67
27 3 4 68
76 4 4 69
76 2 4 101
27 3 4 102
76 4 4 103
76 2 4 135
27 3 4 136
76 4 4 137
76 2 4 169
27 3 4 170
76 4 4 171
76 2 4 174
27 3 4 175
76 4 4 176
76 3 4 -1
27 4 4 0
76 5 4 1
76 3 4 33
27 4 4 34
76 5 4 35
76 3 4 67
27 4 4 68
76 5 4 69
76 3 4 101
27 4 4 102
76 5 4 103
76 3 4 135
27 4 4 136
76 5 4 137
76 3 4 169
27 4 4 170
76 5 4 171
76 3 4 174
27 4 4 175
76 5 4 176
76 4 4 -1
27 5 4 0
76 6 4 1
76 4 4 33
27 5 4 34
76 6 4 35
76 4 4 67
27 5 4 68
76 6 4 69
76 4 4 101
27 5 4 102
76 6 4 103
76 4 4 135
27 5 4 136
76 6 4 137
76 4 4 169
27 5 4 170
76 6 4 171
76 4 4 174
27 5 4 175
76 6 4 176
76 5 4 -1
27 6 4 0
76 7 4 1
76 5 4 33
27 6 4 34
76 7 4 35
76 5 4 67
27 6 4 68
76 7 4 69
76 5 4 101
27 6 4 102
76 7 4 103
76 5 4 135
27 6 4 136
76 7 4 137
76 5 4 169
27 6 4 170
76 7 4 171
76 5 4 174
27 6 4 175
76 7 4 176
76 6 4 -1
27 7 4 0
76 8 4 1
76 6 4 33
27 7 4 34
76 8 4 35
76 6 4 67
27 7 4 68
76 8 4 69
76 6 4 101
27 7 4 102
76 8 4 103
76 6 4 135
27 7 4 136
76 8 4 137
76 6 4 169
27 7 4 170
76 8 4 171
76 6 4 174
27 7 4 175
76 8 4 176
76 7 4 -1
27 8 4 0
76 9 4 1
76 7 4 33
27 8 4 34
76 9 4 35
76 7 4 67
27 8 4 68
76 9 4 69
76 7 4 101
27 8 4 102
76 9 4 103
76 7 4 135
27 8 4 136
76 9 4 137
76 7 4 169
27 8 4 170
76 9 4 171
76 7 4 174
27 8 4 175
76 9 4 176
76 8 4 -1
27 9 4 0
76 10 4 1
76 8 4 33
27 9 4 34
76 10 4 35
76 8 4 67
27 9 4 68
76 10 4 69
76 8 4 101
27 9 4 102
76 10 4 103
76 8 4 135
27 9 4 136
76 10 4 137
76 8 4 169
27 9 4 170
76 10 4 171
76 8 4 174
27 9 4 175
76 10 4 176
76 9 4 -1
27 10 4 0
76 11 4 1
76 9 4 33
27 10 4 34
76 11 4 35
76 9 4 67
27 10 4 68
76 11 4 69
76 9 4 101
27 10 4 102
76 11 4 103
76 9 4 135
27 10 4 136
76 11 4 137
76 9 4 169
27 10 4 170
76 11 4 171
76 9 4 174
27 10 4 175
76 11 4 176
76 10 4 -1
27 11 4 0
76 12 4 1
76 10 4 33
27 11 4 34
76 12 4 35
76 10 4 67
27 11 4 68
76 12 4 69
76 10 4 101
27 11 4 102
76 12 4 103
76 10 4 135
27 11 4 136
76 12 4 137
76 10 4 169
27 11 4 170
76 12 4 171
76 10 4 174
27 11 4 175
76 12 4 176
76 11 4 -1
27 12 4 0
76 13 4 1
76 11 4 33
27 12 4 34
76 13 4 35
76 11 4 67
27 12 4 68
76 13 4 69
76 11 4 101
27 12 4 102
76 13 4 103
76 11 4 135
27 12 4 136
76 13 4 137
76 11 4 169
27 12 4 170
76 13 4 171
76 11 4 174
27 12 4 175
76 13 4 176
76 12 4 -1
27 13 4 0
76 14 4 1
76 12 4 33
27 13 4 34
76 14 4 35
76 12 4 67
27 13 4 68
76 14 4 69
76 12 4 101
27 13 4 102
76 14 4 103
76 12 4 135
27 13 4 136
76 14 4 137
76 12 4 169
27 13 4 170
76 14 4 171
76 12 4 174
27 13 4 175
76 14 4 176
76 13 4 -1
27 14 4 0
76 15 4 1
76 13 4 33
27 14 4 34
76 15 4 35
76 13 4 67
27 14 4 68
76 15 4 69
76 13 4 101
27 14 4 102
76 15 4 103
76 13 4 135
27 14 4 136
76 15 4 137
76 13 4 169
27 14 4 170
76 15 4 171
76 13 4 174
27 14 4 175
76 15 4 176
76 14 4 -1
27 15 4 0
76 16 4 1
76 14 4 33
27 15 4 34
76 16 4 35
76 14 4 67
27 15 4 68
76 16 4 69
76 14 4 101
27 15 4 102
76 16 4 103
76 14 4 135
27 15 4 136
76 16 4 137
76 14 4 169
27 15 4 170
76 16 4 171
76 14 4 174
27 15 4 175
76 16 4 176
76 15 4 -1
27 16 4 0
76 17 4 1
76 15 4 33
27 16 4 34
76 17 4 35
76 15 4 67
27 16 4 68
76 17 4 69
76 15 4 101
27 16 4 102
76 17 4 103
76 15 4 135
27 16 4 136
76 17 4 137
76 15 4 169
27 16 4 170
76 17 4 171
76 15 4 174
27 16 4 175
76 17 4 176
76 16 4 -1
27 17 4 0
76 18 4 1
76 16 4 33
27 17 4 34
76 18 4 35
76 16 4 67
27 17 4 68
76 18 4 69
76 16 4 101
27 17 4 102
76 18 4 103
76 16 4 135
27 17 4 136
76 18 4 137
76 16 4 169
27 17 4 170
76 18 4 171
76 16 4 174
27 17 4 175
76 18 4 176
76 17 4 -1
27 18 4 0
76 19 4 1
76 17 4 33
27 18 4 34
76 19 4 35
76 17 4 67
27 18 4 68
76 19 4 69
76 17 4 101
27 18 4 102
76 19 4 103
76 17 4 135
27 18 4 136
76 19 4 137
76 17 4 169
27 18 4 170
76 19 4 171
76 17 4 174
27 18 4 175
76 19 4 176
76 18 4 -1
27 19 4 0
76 20 4 1
76 18 4 33
27 19 4 34
76 20 4 35
76 18 4 67
27 19 4 68
76 20 4 69
76 18 4 101
27 19 4 102
76 20 4 103
76 18 4 135
27 19 4 136
76 20 4 137
76 18 4 169
27 19 4 170
76 20 4 171
76 18 4 174
27 19 4 175
76 20 4 176
76 19 4 -1
27 20 4 0
76 21 4 1
76 19 4 33
27 20 4 34
76 21 4 35
76 19 4 67
27 20 4 68
76 21 4 69
76 19 4 101
27 20 4 102
76 21 4 103
76 19 4 135
27 20 4 136
76 21 4 137
76 19 4 169
27 20 4 170
76 21 4 171
76 19 4 174
27 20 4 175
76 21 4 176
76 20 4 -1
27 21 4 0
76 22 4 1
76 20 4 33
27 21 4 34
76 22 4 35
76 20 4 67
27 21 4 68
76 22 4 69
76 20 4 101
27 21 4 102
76 22 4 103
76 20 4 135
27 21 4 136
76 22 4 137
76 20 4 169
27 21 4 170
76 22 4 171
76 20 4 174
27 21 4 175
76 22 4 176
76 21 4 -1
27 22 4 0
76 23 4 1
76 21 4 33
27 22 4 34
76 23 4 35
76 21 4 67
27 22 4 68
76 23 4 69
76 21 4 101
27 22 4 102
76 23 4 103
76 21 4 135
27 22 4 136
76 23 4 137
76 21 4 169
27 22 4 170
76 23 4 171
76 21 4 174
27 22 4 175
76 23 4 176
76 22 4 -1
27 23 4 0
76 24 4 1
76 22 4 33
27 23 4 34
76 24 4 35
76 22 4 67
27 23 4 68
76 24 4 69
76 22 4 101
27 23 4 102
76 24 4 103
76 22 4 135
27 23 4 136
76 24 4 137
76 22 4 169
27 23 4 170
76 24 4 171
76 22 4 174
27 23 4 175
76 24 4 176
76 23 4 -1
27 24 4 0
76 25 4 1
76 23 4 33
27 24 4 34
76 25 4 35
76 23 4 67
27 24 4 68
76 25 4 69
76 23 4 101
27 24 4 102
76 25 4 103
76 23 4 135
27 24 4 136
76 25 4 137
76 23 4 169
27 24 4 170
76 25 4 171
76 23 4 174
27 24 4 175
76 25 4 176
76 24 4 -1
27 25 4 0
76 26 4 1
76 24 4 33
27 25 4 34
76 26 4 35
76 24 4 67
27 25 4 68
76 26 4 69
76 24 4 101
27 25 4 102
76 26 4 103
76 24 4 135
27 25 4 136
76 26 4 137
76 24 4 169
27 25 4 170
76 26 4 171
76 24 4 174
27 25 4 175
76 26 4 176
76 25 4 -1
27 26 4 0
76 27 4 1
76 25 4 33
27 26 4 34
76 27 4 35
76 25 4 67
27 26 4 68
76 27 4 69
76 25 4 101
27 26 4 102
76 27 4 103
76 25 4 135
27 26 4 136
76 27 4 137
76 25 4 169
27 26 4 170
76 27 4 171
76 25 4 174
27 26 4 175
76 27 4 176
76 26 4 -1
27 27 4 0
76 28 4 1
76 26 4 33
27 27 4 34
76 28 4 35
76 26 4 67
27 27 4 68
76 28 4 69
76 26 4 101
27 27 4 102
76 28 4 103
76 26 4 135
27 27 4 136
76 28 4 137
76 26 4 169
27 27 4 170
76 28 4 171
76 26 4 174
27 27 4 175
76 28 4 176
76 27 4 -1
27 28 4 0
76 29 4 1
76 27 4 33
27 28 4 34
76 29 4 35
76 27 4 67
27 28 4 68
76 29 4 69
76 27 4 101
27 28 4 102
76 29 4 103
76 27 4 135
27 28 4 136
76 29 4 137
76 27 4 169
27 28 4 170
76 29 4 171
76 27 4 174
27 28 4 175
76 29 4 176
76 28 4 -1
27 29 4 0
76 30 4 1
76 28 4 33
27 29 4 34
76 30 4 35
76 28 4 67
27 29 4 68
76 30 4 69
76 28 4 101
27 29 4 102
76 30 4 103
76 28 4 135
27 29 4 136
76 30 4 137
76 28 4 169
27 29 4 170
76 30 4 171
76 28 4 174
27 29 4 175
76 30 4 176
76 29 4 -1
27 30 4 0
76 31 4 1
76 29 4 33
27 30 4 34
76 31 4 35
76 29 4 67
27 30 4 68
76 31 4 69
76 29 4 101
27 30 4 102
76 31 4 103
76 29 4 135
27 30 4 136
76 31 4 137
76 29 4 169
27 30 4 170
76 31 4 171
76 29 4 174
27 30 4 175
76 31 4 176
76 30 4 -1
27 31 4 0
76 32 4 1
76 30 4 33
27 31 4 34
76 32 4 35
76 30 4 67
27 31 4 68
76 32 4 69
76 30 4 101
27 31 4 102
76 32 4 103
76 30 4 135
27 31 4 136
76 32 4 137
76 30 4 169
27 31 4 170
76 32 4 171
76 30 4 174
27 31 4 175
76 32 4 176
76 31 4 -1
27 32 4 0
76 33 4 1
76 31 4 33
27 32 4 34
76 33 4 35
76 31 4 67
27 32 4 68
76 33 4 69
76 31 4 101
27 32 4 102
76 33 4 103
76 31 4 135
27 32 4 136
76 33 4 137
76 31 4 169
27 32 4 170
76 33 4 171
76 31 4 174
27 32 4 175
76 33 4 176
76 32 4 -1
27 33 4 0
76 34 4 1
76 32 4 33
27 33 4 34
76 34 4 35
76 32 4 67
27 33 4 68
76 34 4 69
76 32 4 101
27 33 4 102
76 34 4 103
76 32 4 135
27 33 4 136
76 34 4 137
76 32 4 169
27 33 4 170
76 34 4 171
76 32 4 174
27 33 4 175
76 34 4 176
76 33 4 -1
27 34 4 0
76 35 4 1
76 33 4 0
27 34 4 1
76 35 4 2
76 33 4 1
27 34 4 2
76 35 4 3
76 33 4 2
27 34 4 3
76 35 4 4
76 33 4 3
27 34 4 4
76 35 4 5
76 33 4 4
27 34 4 5
76 35 4 6
76 33 4 5
27 34 4 6
76 35 4 7
76 33 4 6
27 34 4 7
76 35 4 8
76 33 4 7
27 34 4 8
76 35 4 9
76 33 4 8
27 34 4 9
76 35 4 10
76 33 4 9
27 34 4 10
76 35 4 11
76 33 4 10
27 34 4 11
76 35 4 12
76 33 4 11
27 34 4 12
76 35 4 13
76 33 4 12
27 34 4 13
76 35 4 14
76 33 4 13
27 34 4 14
76 35 4 15
76 33 4 14
27 34 4 15
76 35 4 16
76 33 4 15
27 34 4 16
76 35 4 17
76 33 4 16
27 34 4 17
76 35 4 18
76 33 4 17
27 34 4 18
76 35 4 19
76 33 4 18
27 34 4 19
76 35 4 20
76 33 4 19
27 34 4 20
76 35 4 21
76 33 4 20
27 34 4 21
76 35 4 22
76 33 4 21
27 34 4 22
76 35 4 23
76 33 4 22
27 34 4 23
76 35 4 24
76 33 4 23
27 34 4 24
76 35 4 25
76 33 4 24
27 34 4 25
76 35 4 26
76 33 4 25
27 34 4 26
76 35 4 27
76 33 4 26
27 34 4 27
76 35 4 28
76 33 4 27
27 34 4 28
76 35 4 29
76 33 4 28
27 34 4 29
76 35 4 30
76 33 4 29
27 34 4 30
76 35 4 31
76 33 4 30
27 34 4 31
76 35 4 32
76 33 4 31
27 34 4 32
76 35 4 33
76 33 4 32
27 34 4 33
76 35 4 34
76 33 4 33
27 34 4 34
76 35 4 35
76 33 4 34
27 34 4 35
76 35 4 36
76 33 4 35
27 34 4 36
76 35 4 37
76 33 4 36
27 34 4 37
76 35 4 38
76 33 4 37
27 34 4 38
76 35 4 39
76 33 4 38
27 34 4 39
76 35 4 40
76 33 4 39
27 34 4 40
76 35 4 41
76 33 4 40
27 34 4 41
76 35 4 42
76 33 4 41
27 34 4 42
76 35 4 43
76 33 4 42
27 34 4 43
76 35 4 44
76 33 4 43
27 34 4 44
76 35 4 45
76 33 4 44
27 34 4 45
76 35 4 46
76 33 4 45
27 34 4 46
76 35 4 47
76 33 4 46
27 34 4 47
76 35 4 48
76 33 4 47
27 34 4 48
76 35 4 49
76 33 4 48
27 34 4 49
76 35 4 50
76 33 4 49
27 34 4 50
76 35 4 51
76 33 4 50
27 34 4 51
76 35 4 52
76 33 4 51
27 34 4 52
76 35 4 53
76 33 4 52
27 34 4 53
76 35 4 54
76 33 4 53
27 34 4 54
76 35 4 55
76 33 4 54
27 34 4 55
76 35 4 56
76 33 4 55
27 34 4 56
76 35 4 57
76 33 4 56
27 34 4 57
76 35 4 58
76 33 4 57
27 34 4 58
76 35 4 59
76 33 4 58
27 34 4 59
76 35 4 60
76 33 4 59
27 34 4 60
76 35 4 61
76 33 4 60
27 34 4 61
76 35 4 62
76 33 4 61
27 34 4 62
76 35 4 63
76 33 4 62
27 34 4 63
76 35 4 64
76 33 4 63
27 34 4 64
76 35 4 65
76 33 4 64
27 34 4 65
76 35 4 66
76 33 4 65
27 34 4 66
76 35 4 67
76 33 4 66
27 34 4 67
76 35 4 68
76 33 4 67
27 34 4 68
76 35 4 69
76 33 4 68
27 34 4 69
76 35 4 70
76 33 4 69
27 34 4 70
76 35 4 71
76 33 4 70
27 34 4 71
76 35 4 72
76 33 4 71
27 34 4 72
76 35 4 73
76 33 4 72
27 34 4 73
76 35 4 74
76 33 4 73
27 34 4 74
76 35 4 75
76 33 4 74
27 34 4 75
76 35 4 76
76 33 4 75
27 34 4 76
76 35 4 77
76 33 4 76
27 34 4 77
76 35 4 78
76 33 4 77
27 34 4 78
76 35 4 79
76 33 4 78
27 34 4 79
76 35 4 80
76 33 4 79
27 34 4 80
76 35 4 81
76 33 4 80
27 34 4 81
76 35 4 82
76 33 4 81
27 34 4 82
76 35 4 83
76 33 4 82
27 34 4 83
76 35 4 84
76 33 4 83
27 34 4 84
76 35 4 85
76 33 4 84
27 34 4 85
76 35 4 86
76 33 4 85
27 34 4 86
76 35 4 87
76 33 4 86
27 34 4 87
76 35 4 88
76 33 4 87
27 34 4 88
76 35 4 89
76 33 4 88
27 34 4 89
76 35 4 90
76 33 4 89
27 34 4 90
76 35 4 91
76 33 4 90
27 34 4 91
76 35 4 92
76 33 4 91
27 34 4 92
76 35 4 93
76 33 4 92
27 34 4 93
76 35 4 94
76 33 4 93
27 34 4 94
76 35 4 95
76 33 4 94
27 34 4 95
76 35 4 96
76 33 4 95
27 34 4 96
76 35 4 97
76 33 4 96
27 34 4 97
76 35 4 98
76 33 4 97
27 34 4 98
76 35 4 99
76 33 4 98
27 34 4 99
76 35 4 100
76 33 4 99
27 34 4 100
76 35 4 101
76 33 4 100
27 34 4 101
76 35 4 102
76 33 4 101
27 34 4 102
76 35 4 103
76 33 4 102
27 34 4 103
76 35 4 104
76 33 4 103
27 34 4 104
76 35 4 105
76 33 4 104
27 34 4 105
76 35 4 106
76 33 4 105
27 34 4 106
76 35 4 107
76 33 4 106
27 34 4 107
76 35 4 108
76 33 4 107
27 34 4 108
76 35 4 109
76 33 4 108
27 34 4 109
76 35 4 110
76 33 4 109
27 34 4 110
76 35 4 111
76 33 4 110
27 34 4 111
76 35 4 112
76 33 4 111
27 34 4 112
76 35 4 113
76 33 4 112
27 34 4 113
76 35 4 114
76 33 4 113
27 34 4 114
76 35 4 115
76 33 4 114
27 34 4 115
76 35 4 116
76 33 4 115
27 34 4 116
76 35 4 117
76 33 4 116
27 34 4 117
76 35 4 118
76 33 4 117
27 34 4 118
76 35 4 119
76 33 4 118
27 34 4 119
76 35 4 120
76 33 4 119
27 34 4 120
76 35 4 121
76 33 4 120
27 34 4 121
76 35 4 122
76 33 4 121
27 34 4 122
76 35 4 123
76 33 4 122
27 34 4 123
76 35 4 124
76 33 4 123
27 34 4 124
76 35 4 125
76 33 4 124
27 34 4 125
76 35 4 126
76 33 4 125
27 34 4 126
76 35 4 127
76 33 4 126
27 34 4 127
76 35 4 128
76 33 4 127
27 34 4 128
76 35 4 129
76 33 4 128
27 34 4 129
76 35 4 130
76 33 4 129
27 34 4 130
76 35 4 131
76 33 4 130
27 34 4 131
76 35 4 132
76 33 4 131
27 34 4 132
76 35 4 133
76 33 4 132
27 34 4 133
76 35 4 134
76 33 4 133
27 34 4 134
76 35 4 135
76 33 4 134
27 34 4 135
76 35 4 136
76 33 4 135
27 34 4 136
76 35 4 137
76 33 4 136
27 34 4 137
76 35 4 138
76 33 4 137
27 34 4 138
76 35 4 139
76 33 4 138
27 34 4 139
76 35 4 140
76 33 4 139
27 34 4 140
76 35 4 141
76 33 4 140
27 34 4 141
76 35 4 142
76 33 4 141
27 34 4 142
76 35 4 143
76 33 4 142
27 34 4 143
76 35 4 144
76 33 4 143
27 34 4 144
76 35 4 145
76 33 4 144
27 34 4 145
76 35 4 146
76 33 4 145
27 34 4 146
76 35 4 147
76 33 4 146
27 34 4 147
76 35 4 148
76 33 4 147
27 34 4 148
76 35 4 149
76 33 4 148
27 34 4 149
76 35 4 150
76 33 4 149
27 34 4 150
76 35 4 151
76 33 4 150
27 34 4 151
76 35 4 152
76 33 4 151
27 34 4 152
76 35 4 153
76 33 4 152
27 34 4 153
76 35 4 154
76 33 4 153
27 34 4 154
76 35 4 155
76 33 4 154
27 34 4 155
76 35 4 156
76 33 4 155
27 34 4 156
76 35 4 157
76 33 4 156
27 34 4 157
76 35 4 158
76 33 4 157
27 34 4 158
76 35 4 159
76 33 4 158
27 34 4 159
76 35 4 160
76 33 4 159
27 34 4 160
76 35 4 161
76 33 4 160
27 34 4 161
76 35 4 162
76 33 4 161
27 34 4 162
76 35 4 163
76 33 4 162
27 34 4 163
76 35 4 164
76 33 4 163
27 34 4 164
76 35 4 165
76 33 4 164
27 34 4 165
76 35 4 166
76 33 4 165
27 34 4 166
76 35 4 167
76 33 4 166
27 34 4 167
76 35 4 168
76 33 4 167
27 34 4 168
76 35 4 169
76 33 4 168
27 34 4 169
76 35 4 170
76 33 4 169
27 34 4 170
76 35 4 171
76 33 4 170
27 34 4 171
76 35 4 172
76 33 4 171
27 34 4 172
76 35 4 173
76 33 4 172
27 34 4 173
76 35 4 174
76 33 4 173
27 34 4 174
76 35 4 175
76 33 4 174
27 34 4 175
76 35 4 176
76 34 4 -1
27 35 4 0
76 36 4 1
76 34 4 33
27 35 4 34
76 36 4 35
76 34 4 67
27 35 4 68
76 36 4 69
76 34 4 101
27 35 4 102
76 36 4 103
76 34 4 135
27 35 4 136
76 36 4 137
76 34 4 169
27 35 4 170
76 36 4 171
76 34 4 174
27 35 4 175
76 36 4 176
76 35 4 -1
27 36 4 0
76 37 4 1
76 35 4 33
27 36 4 34
76 37 4 35
76 35 4 67
27 36 4 68
76 37 4 69
76 35 4 101
27 36 4 102
76 37 4 103
76 35 4 135
27 36 4 136
76 37 4 137
76 35 4 169
27 36 4 170
76 37 4 171
76 35 4 174
27 36 4 175
76 37 4 176
76 36 4 -1
27 37 4 0
76 38 4 1
76 36 4 33
27 37 4 34
76 38 4 35
76 36 4 67
27 37 4 68
76 38 4 69
76 36 4 101
27 37 4 102
76 38 4 103
76 36 4 135
27 37 4 136
76 38 4 137
76 36 4 169
27 37 4 170
76 38 4 171
76 36 4 174
27 37 4 175
76 38 4 176
76 37 4 -1
27 38 4 0
76 39 4 1
76 37 4 33
27 38 4 34
76 39 4 35
76 37 4 67
27 38 4 68
76 39 4 69
76 37 4 101
27 38 4 102
76 39 4 103
76 37 4 135
27 38 4 136
76 39 4 137
76 37 4 169
27 38 4 170
76 39 4 171
76 37 4 174
27 38 4 175
76 39 4 176
76 38 4 -1
27 39 4 0
76 40 4 1
76 38 4 33
27 39 4 34
76 40 4 35
76 38 4 67
27 39 4 68
76 40 4 69
76 38 4 101
27 39 4 102
76 40 4 103
76 38 4 135
27 39 4 136
76 40 4 137
76 38 4 169
27 39 4 170
76 40 4 171
76 38 4 174
27 39 4 175
76 40 4 176
76 39 4 -1
27 40 4 0
76 41 4 1
76 39 4 33
27 40 4 34
76 41 4 35
76 39 4 67
27 40 4 68
76 41 4 69
76 39 4 101
27 40 4 102
76 41 4 103
76 39 4 135
27 40 4 136
76 41 4 137
76 39 4 169
27 40 4 170
76 41 4 171
76 39 4 174
27 40 4 175
76 41 4 176
76 40 4 -1
27 41 4 0
76 42 4 1
76 40 4 33
27 41 4 34
76 42 4 35
76 40 4 67
27 41 4 68
76 42 4 69
76 40 4 101
27 41 4 102
76 42 4 103
76 40 4 135
27 41 4 136
76 42 4 137
76 40 4 169
27 41 4 170
76 42 4 171
76 40 4 174
27 41 4 175
76 42 4 176
76 41 4 -1
27 42 4 0
76 43 4 1
76 41 4 33
27 42 4 34
76 43 4 35
76 41 4 67
27 42 4 68
76 43 4 69
76 41 4 101
27 42 4 102
76 43 4 103
76 41 4 135
27 42 4 136
76 43 4 137
76 41 4 169
27 42 4 170
76 43 4 171
76 41 4 174
27 42 4 175
76 43 4 176
76 42 4 -1
27 43 4 0
76 44 4 1
76 42 4 33
27 43 4 34
76 44 4 35
76 42 4 67
27 43 4 68
76 44 4 69
76 42 4 101
27 43 4 102
76 44 4 103
76 42 4 135
27 43 4 136
76 44 4 137
76 42 4 169
27 43 4 170
76 44 4 171
76 42 4 174
27 43 4 175
76 44 4 176
76 43 4 -1
27 44 4 0
76 45 4 1
76 43 4 33
27 44 4 34
76 45 4 35
76 43 4 67
27 44 4 68
76 45 4 69
76 43 4 101
27 44 4 102
76 45 4 103
76 43 4 135
27 44 4 136
76 45 4 137
76 43 4 169
27 44 4 170
76 45 4 171
76 43 4 174
27 44 4 175
76 45 4 176
76 44 4 -1
27 45 4 0
76 46 4 1
76 44 4 33
27 45 4 34
76 46 4 35
76 44 4 67
27 45 4 68
76 46 4 69
76 44 4 101
27 45 4 102
76 46 4 103
76 44 4 135
27 45 4 136
76 46 4 137
76 44 4 169
27 45 4 170
76 46 4 171
76 44 4 174
27 45 4 175
76 46 4 176
76 45 4 -1
27 46 4 0
76 47 4 1
76 45 4 33
27 46 4 34
76 47 4 35
76 45 4 67
27 46 4 68
76 47 4 69
76 45 4 101
27 46 4 102
76 47 4 103
76 45 4 135
27 46 4 136
76 47 4 137
76 45 4 169
27 46 4 170
76 47 4 171
76 45 4 174
27 46 4 175
76 47 4 176
76 46 4 -1
27 47 4 0
76 48 4 1
76 46 4 33
27 47 4 34
76 48 4 35
76 46 4 67
27 47 4 68
76 48 4 69
76 46 4 101
27 47 4 102
76 48 4 103
76 46 4 135
27 47 4 136
76 48 4 137
76 46 4 169
27 47 4 170
76 48 4 171
76 46 4 174
27 47 4 175
76 48 4 176
76 47 4 -1
27 48 4 0
76 49 4 1
76 47 4 33
27 48 4 34
76 49 4 35
76 47 4 67
27 48 4 68
76 49 4 69
76 47 4 101
27 48 4 102
76 49 4 103
76 47 4 135
27 48 4 136
76 49 4 137
76 47 4 169
27 48 4 170
76 49 4 171
76 47 4 174
27 48 4 175
76 49 4 176
76 48 4 -1
27 49 4 0
76 50 4 1
76 48 4 33
27 49 4 34
76 50 4 35
76 48 4 67
27 49 4 68
76 50 4 69
76 48 4 101
27 49 4 102
76 50 4 103
76 48 4 135
27 49 4 136
76 50 4 137
76 48 4 169
27 49 4 170
76 50 4 171
76 48 4 174
27 49 4 175
76 50 4 176
76 49 4 -1
27 50 4 0
76 51 4 1
76 49 4 33
27 50 4 34
76 51 4 35
76 49 4 67
27 50 4 68
76 51 4 69
76 49 4 101
27 50 4 102
76 51 4 103
76 49 4 135
27 50 4 136
76 51 4 137
76 49 4 169
27 50 4 170
76 51 4 171
76 49 4 174
27 50 4 175
76 51 4 176
76 50 4 -1
27 51 4 0
76 52 4 1
76 50 4 33
27 51 4 34
76 52 4 35
76 50 4 67
27 51 4 68
76 52 4 69
76 50 4 101
27 51 4 102
76 52 4 103
76 50 4 135
27 51 4 136
76 52 4 137
76 50 4 169
27 51 4 170
76 52 4 171
76 50 4 174
27 51 4 175
76 52 4 176
76 51 4 -1
27 52 4 0
76 53 4 1
76 51 4 33
27 52 4 34
76 53 4 35
76 51 4 67
27 52 4 68
76 53 4 69
76 51 4 101
27 52 4 102
76 53 4 103
76 51 4 135
27 52 4 136
76 53 4 137
76 51 4 169
27 52 4 170
76 53 4 171
76 51 4 174
27 52 4 175
76 53 4 176
76 52 4 -1
27 53 4 0
76 54 4 1
76 52 4 33
27 53 4 34
76 54 4 35
76 52 4 67
27 53 4 68
76 54 4 69
76 52 4 101
27 53 4 102
76 54 4 103
76 52 4 135
27 53 4 136
76 54 4 137
76 52 4 169
27 53 4 170
76 54 4 171
76 52 4 174
27 53 4 175
76 54 4 176
76 53 4 -1
27 54 4 0
76 55 4 1
76 53 4 33
27 54 4 34
76 55 4 35
76 53 4 67
27 54 4 68
76 55 4 69
76 53 4 101
27 54 4 102
76 55 4 103
76 53 4 135
27 54 4 136
76 55 4 137
76 53 4 169
27 54 4 170
76 55 4 171
76 53 4 174
27 54 4 175
76 55 4 176
76 54 4 -1
27 55 4 0
76 56 4 1
76 54 4 33
27 55 4 34
76 56 4 35
76 54 4 67
27 55 4 68
76 56 4 69
76 54 4 101
27 55 4 102
76 56 4 103
76 54 4 135
27 55 4 136
76 56 4 137
76 54 4 169
27 55 4 170
76 56 4 171
76 54 4 174
27 55 4 175
76 56 4 176
76 55 4 -1
27 56 4 0
76 57 4 1
76 55 4 33
27 56 4 34
76 57 4 35
76 55 4 67
27 56 4 68
76 57 4 69
76 55 4 101
27 56 4 102
76 57 4 103
76 55 4 135
27 56 4 136
76 57 4 137
76 55 4 169
27 56 4 170
76 57 4 171
76 55 4 174
27 56 4 175
76 57 4 176
76 56 4 -1
27 57 4 0
76 58 4 1
76 56 4 33
27 57 4 34
76 58 4 35
76 56 4 67
27 57 4 68
76 58 4 69
76 56 4 101
27 57 4 102
76 58 4 103
76 56 4 135
27 57 4 136
76 58 4 137
76 56 4 169
27 57 4 170
76 58 4 171
76 56 4 174
27 57 4 175
76 58 4 176
76 57 4 -1
27 58 4 0
76 59 4 1
76 57 4 33
27 58 4 34
76 59 4 35
76 57 4 67
27 58 4 68
76 59 4 69
76 57 4 101
27 58 4 102
76 59 4 103
76 57 4 135
27 58 4 136
76 59 4 137
76 57 4 169
27 58 4 170
76 59 4 171
76 57 4 174
27 58 4 175
76 59 4 176
76 58 4 -1
27 59 4 0
76 60 4 1
76 58 4 33
27 59 4 34
76 60 4 35
76 58 4 67
27 59 4 68
76 60 4 69
76 58 4 101
27 59 4 102
76 60 4 103
76 58 4 135
27 59 4 136
76 60 4 137
76 58 4 169
27 59 4 170
76 60 4 171
76 58 4 174
27 59 4 175
76 60 4 176
76 59 4 -1
27 60 4 0
76 61 4 1
76 59 4 33
27 60 4 34
76 61 4 35
76 59 4 67
27 60 4 68
76 61 4 69
76 59 4 101
27 60 4 102
76 61 4 103
76 59 4 135
27 60 4 136
76 61 4 137
76 59 4 169
27 60 4 170
76 61 4 171
76 59 4 174
27 60 4 175
76 61 4 176
76 60 4 -1
27 61 4 0
76 62 4 1
76 60 4 33
27 61 4 34
76 62 4 35
76 60 4 67
27 61 4 68
76 62 4 69
76 60 4 101
27 61 4 102
76 62 4 103
76 60 4 135
27 61 4 136
76 62 4 137
76 60 4 169
27 61 4 170
76 62 4 171
76 60 4 174
27 61 4 175
76 62 4 176
76 61 4 -1
27 62 4 0
76 63 4 1
76 61 4 33
27 62 4 34
76 63 4 35
76 61 4 67
27 62 4 68
76 63 4 69
76 61 4 101
27 62 4 102
76 63 4 103
76 61 4 135
27 62 4 136
76 63 4 137
76 61 4 169
27 62 4 170
76 63 4 171
76 61 4 174
27 62 4 175
76 63 4 176
76 62 4 -1
27 63 4 0
76 64 4 1
76 62 4 33
27 63 4 34
76 64 4 35
76 62 4 67
27 63 4 68
76 64 4 69
76 62 4 101
27 63 4 102
76 64 4 103
76 62 4 135
27 63 4 136
76 64 4 137
76 62 4 169
27 63 4 170
76 64 4 171
76 62 4 174
27 63 4 175
76 64 4 176
76 63 4 -1
27 64 4 0
76 65 4 1
76 63 4 33
27 64 4 34
76 65 4 35
76 63 4 67
27 64 4 68
76 65 4 69
76 63 4 101
27 64 4 102
76 65 4 103
76 63 4 135
27 64 4 136
76 65 4 137
76 63 4 169
27 64 4 170
76 65 4 171
76 63 4 174
27 64 4 175
76 65 4 176
76 64 4 -1
27 65 4 0
76 66 4 1
76 64 4 33
27 65 4 34
76 66 4 35
76 64 4 67
27 65 4 68
76 66 4 69
76 64 4 101
27 65 4 102
76 66 4 103
76 64 4 135
27 65 4 136
76 66 4 137
76 64 4 169
27 65 4 170
76 66 4 171
76 64 4 174
27 65 4 175
76 66 4 176
76 65 4 -1
27 66 4 0
76 67 4 1
76 65 4 33
27 66 4 34
76 67 4 35
76 65 4 67
27 66 4 68
76 67 4 69
76 65 4 101
27 66 4 102
76 67 4 103
76 65 4 135
27 66 4 136
76 67 4 137
76 65 4 169
27 66 4 170
76 67 4 171
76 65 4 174
27 66 4 175
76 67 4 176
76 66 4 -1
27 67 4 0
76 68 4 1
76 66 4 33
27 67 4 34
76 68 4 35
76 66 4 67
27 67 4 68
76 68 4 69
76 66 4 101
27 67 4 102
76 68 4 103
76 66 4 135
27 67 4 136
76 68 4 137
76 66 4 169
27 67 4 170
76 68 4 171
76 66 4 174
27 67 4 175
76 68 4 176
76 67 4 -1
27 68 4 0
76 69 4 1
76 67 4 0
27 68 4 1
76 69 4 2
76 67 4 1
27 68 4 2
76 69 4 3
76 67 4 2
27 68 4 3
76 69 4 4
76 67 4 3
27 68 4 4
76 69 4 5
76 67 4 4
27 68 4 5
76 69 4 6
76 67 4 5
27 68 4 6
76 69 4 7
76 67 4 6
27 68 4 7
76 69 4 8
76 67 4 7
27 68 4 8
76 69 4 9
76 67 4 8
27 68 4 9
76 69 4 10
76 67 4 9
27 68 4 10
76 69 4 11
76 67 4 10
27 68 4 11
76 69 4 12
76 67 4 11
27 68 4 12
76 69 4 13
76 67 4 12
27 68 4 13
76 69 4 14
76 67 4 13
27 68 4 14
76 69 4 15
76 67 4 14
27 68 4 15
76 69 4 16
76 67 4 15
27 68 4 16
76 69 4 17
76 67 4 16
27 68 4 17
76 69 4 18
76 67 4 17
27 68 4 18
76 69 4 19
76 67 4 18
27 68 4 19
76 69 4 20
76 67 4 19
27 68 4 20
76 69 4 21
76 67 4 20
27 68 4 21
76 69 4 22
76 67 4 21
27 68 4 22
76 69 4 23
76 67 4 22
27 68 4 23
76 69 4 24
76 67 4 23
27 68 4 24
76 69 4 25
76 67 4 24
27 68 4 25
76 69 4 26
76 67 4 25
27 68 4 26
76 69 4 27
76 67 4 26
27 68 4 27
76 69 4 28
76 67 4 27
27 68 4 28
76 69 4 29
76 67 4 28
27 68 4 29
76 69 4 30
76 67 4 29
27 68 4 30
76 69 4 31
76 67 4 30
27 68 4 31
76 69 4 32
76 67 4 31
27 68 4 32
76 69 4 33
76 67 4 32
27 68 4 33
76 69 4 34
76 67 4 33
27 68 4 34
76 69 4 35
76 67 4 34
27 68 4 35
76 69 4 36
76 67 4 35
27 68 4 36
76 69 4 37
76 67 4 36
27 68 4 37
76 69 4 38
76 67 4 37
27 68 4 38
76 69 4 39
76 67 4 38
27 68 4 39
76 69 4 40
76 67 4 39
27 68 4 40
76 69 4 41
76 67 4 40
27 68 4 41
76 69 4 42
76 67 4 41
27 68 4 42
76 69 4 43
76 67 4 42
27 68 4 43
76 69 4 44
76 67 4 43
27 68 4 44
76 69 4 45
76 67 4 44
27 68 4 45
76 69 4 46
76 67 4 45
27 68 4 46
76 69 4 47
76 67 4 46
27 68 4 47
76 69 4 48
76 67 4 47
27 68 4 48
76 69 4 49
76 67 4 48
27 68 4 49
76 69 4 50
76 67 4 49
27 68 4 50
76 69 4 51
76 67 4 50
27 68 4 51
76 69 4 52
76 67 4 51
27 68 4 52
76 69 4 53
76 67 4 52
27 68 4 53
76 69 4 54
76 67 4 53
27 68 4 54
76 69 4 55
76 67 4 54
27 68 4 55
76 69 4 56
76 67 4 55
27 68 4 56
76 69 4 57
76 67 4 56
27 68 4 57
76 69 4 58
76 67 4 57
27 68 4 58
76 69 4 59
76 67 4 58
27 68 4 59
76 69 4 60
76 67 4 59
27 68 4 60
76 69 4 61
76 67 4 60
27 68 4 61
76 69 4 62
76 67 4 61
27 68 4 62
76 69 4 63
76 67 4 62
27 68 4 63
76 69 4 64
76 67 4 63
27 68 4 64
76 69 4 65
76 67 4 64
27 68 4 65
76 69 4 66
76 67 4 65
27 68 4 66
76 69 4 67
76 67 4 66
27 68 4 67
76 69 4 68
76 67 4 67
27 68 4 68
76 69 4 69
76 67 4 68
27 68 4 69
76 69 4 70
76 67 4 69
27 68 4 70
76 69 4 71
76 67 4 70
27 68 4 71
76 69 4 72
76 67 4 71
27 68 4 72
76 69 4 73
76 67 4 72
27 68 4 73
76 69 4 74
76 67 4 73
27 68 4 74
76 69 4 75
76 67 4 74
27 68 4 75
76 69 4 76
76 67 4 75
27 68 4 76
76 69 4 77
76 67 4 76
27 68 4 77
76 69 4 78
76 67 4 77
27 68 4 78
76 69 4 79
76 67 4 78
27 68 4 79
76 69 4 80
76 67 4 79
27 68 4 80
76 69 4 81
76 67 4 80
27 68 4 81
76 69 4 82
76 67 4 81
27 68 4 82
76 69 4 83
76 67 4 82
27 68 4 83
76 69 4 84
76 67 4 83
27 68 4 84
76 69 4 85
76 67 4 84
27 68 4 85
76 69 4 86
76 67 4 85
27 68 4 86
76 69 4 87
76 67 4 86
27 68 4 87
76 69 4 88
76 67 4 87
27 68 4 88
76 69 4 89
76 67 4 88
27 68 4 89
76 69 4 90
76 67 4 89
27 68 4 90
76 69 4 91
76 67 4 90
27 68 4 91
76 69 4 92
76 67 4 91
27 68 4 92
76 69 4 93
76 67 4 92
27 68 4 93
76 69 4 94
76 67 4 93
27 68 4 94
76 69 4 95
76 67 4 94
27 68 4 95
76 69 4 96
76 67 4 95
27 68 4 96
76 69 4 97
76 67 4 96
27 68 4 97
76 69 4 98
76 67 4 97
27 68 4 98
76 69 4 99
76 67 4 98
27 68 4 99
76 69 4 100
76 67 4 99
27 68 4 100
76 69 4 101
76 67 4 100
27 68 4 101
76 69 4 102
76 67 4 101
27 68 4 102
76 69 4 103
76 67 4 102
27 68 4 103
76 69 4 104
76 67 4 103
27 68 4 104
76 69 4 105
76 67 4 104
27 68 4 105
76 69 4 106
76 67 4 105
27 68 4 106
76 69 4 107
76 67 4 106
27 68 4 107
76 69 4 108
76 67 4 107
27 68 4 108
76 69 4 109
76 67 4 108
27 68 4 109
76 69 4 110
76 67 4 109
27 68 4 110
76 69 4 111
76 67 4 110
27 68 4 111
76 69 4 112
76 67 4 111
27 68 4 112
76 69 4 113
76 67 4 112
27 68 4 113
76 69 4 114
76 67 4 113
27 68 4 114
76 69 4 115
76 67 4 114
27 68 4 115
76 69 4 116
76 67 4 115
27 68 4 116
76 69 4 117
76 67 4 116
27 68 4 117
76 69 4 118
76 67 4 117
27 68 4 118
76 69 4 119
76 67 4 118
27 68 4 119
76 69 4 120
76 67 4 119
27 68 4 120
76 69 4 121
76 67 4 120
27 68 4 121
76 69 4 122
76 67 4 121
27 68 4 122
76 69 4 123
76 67 4 122
27 68 4 123
76 69 4 124
76 67 4 123
27 68 4 124
76 69 4 125
76 67 4 124
27 68 4 125
76 69 4 126
76 67 4 125
27 68 4 126
76 69 4 127
76 67 4 126
27 68 4 127
76 69 4 128
76 67 4 127
27 68 4 128
76 69 4 129
76 67 4 128
27 68 4 129
76 69 4 130
76 67 4 129
27 68 4 130
76 69 4 131
76 67 4 130
27 68 4 131
76 69 4 132
76 67 4 131
27 68 4 132
76 69 4 133
76 67 4 132
27 68 4 133
76 69 4 134
76 67 4 133
27 68 4 134
76 69 4 135
76 67 4 134
27 68 4 135
76 69 4 136
76 67 4 135
27 68 4 136
76 69 4 137
76 67 4 136
27 68 4 137
76 69 4 138
76 67 4 137
27 68 4 138
76 69 4 139
76 67 4 138
27 68 4 139
76 69 4 140
76 67 4 139
27 68 4 140
76 69 4 141
76 67 4 140
27 68 4 141
76 69 4 142
76 67 4 141
27 68 4 142
76 69 4 143
76 67 4 142
27 68 4 143
76 69 4 144
76 67 4 143
27 68 4 144
76 69 4 145
76 67 4 144
27 68 4 145
76 69 4 146
76 67 4 145
27 68 4 146
76 69 4 147
76 67 4 146
27 68 4 147
76 69 4 148
76 67 4 147
27 68 4 148
76 69 4 149
76 67 4 148
27 68 4 149
76 69 4 150
76 67 4 149
27 68 4 150
76 69 4 151
76 67 4 150
27 68 4 151
76 69 4 152
76 67 4 151
27 68 4 152
76 69 4 153
76 67 4 152
27 68 4 153
76 69 4 154
76 67 4 153
27 68 4 154
76 69 4 155
76 67 4 154
27 68 4 155
76 69 4 156
76 67 4 155
27 68 4 156
76 69 4 157
76 67 4 156
27 68 4 157
76 69 4 158
76 67 4 157
27 68 4 158
76 69 4 159
76 67 4 158
27 68 4 159
76 69 4 160
76 67 4 159
27 68 4 160
76 69 4 161
76 67 4 160
27 68 4 161
76 69 4 162
76 67 4 161
27 68 4 162
76 69 4 163
76 67 4 162
27 68 4 163
76 69 4 164
76 67 4 163
27 68 4 164
76 69 4 165
76 67 4 164
27 68 4 165
76 69 4 166
76 67 4 165
27 68 4 166
76 69 4 167
76 67 4 166
27 68 4 167
76 69 4 168
76 67 4 167
27 68 4 168
76 69 4 169
76 67 4 168
27 68 4 169
76 69 4 170
76 67 4 169
27 68 4 170
76 69 4 171
76 67 4 170
27 68 4 171
76 69 4 172
76 67 4 171
27 68 4 172
76 69 4 173
76 67 4 172
27 68 4 173
76 69 4 174
76 67 4 173
27 68 4 174
76 69 4 175
76 67 4 174
27 68 4 175
76 69 4 176
76 68 4 -1
27 69 4 0
76 70 4 1
76 68 4 33
27 69 4 34
76 70 4 35
76 68 4 67
27 69 4 68
76 70 4 69
76 68 4 101
27 69 4 102
76 70 4 103
76 68 4 135
27 69 4 136
76 70 4 137
76 68 4 169
27 69 4 170
76 70 4 171
76 68 4 174
27 69 4 175
76 70 4 176
76 69 4 -1
27 70 4 0
76 71 4 1
76 69 4 33
27 70 4 34
76 71 4 35
76 69 4 67
27 70 4 68
76 71 4 69
76 69 4 101
27 70 4 102
76 71 4 103
76 69 4 135
27 70 4 136
76 71 4 137
76 69 4 169
27 70 4 170
76 71 4 171
76 69 4 174
27 70 4 175
76 71 4 176
76 70 4 -1
27 71 4 0
76 72 4 1
76 70 4 33
27 71 4 34
76 72 4 35
76 70 4 67
27 71 4 68
76 72 4 69
76 70 4 101
27 71 4 102
76 72 4 103
76 70 4 135
27 71 4 136
76 72 4 137
76 70 4 169
27 71 4 170
76 72 4 171
76 70 4 174
27 71 4 175
76 72 4 176
76 71 4 -1
27 72 4 0
76 73 4 1
76 71 4 33
27 72 4 34
76 73 4 35
76 71 4 67
27 72 4 68
76 73 4 69
76 71 4 101
27 72 4 102
76 73 4 103
76 71 4 135
27 72 4 136
76 73 4 137
76 71 4 169
27 72 4 170
76 73 4 171
76 71 4 174
27 72 4 175
76 73 4 176
76 72 4 -1
27 73 4 0
76 74 4 1
76 72 4 33
27 73 4 34
76 74 4 35
76 72 4 67
27 73 4 68
76 74 4 69
76 72 4 101
27 73 4 102
76 74 4 103
76 72 4 135
27 73 4 136
76 74 4 137
76 72 4 169
27 73 4 170
76 74 4 171
76 72 4 174
27 73 4 175
76 74 4 176
76 73 4 -1
27 74 4 0
76 75 4 1
76 73 4 33
27 74 4 34
76 75 4 35
76 73 4 67
27 74 4 68
76 75 4 69
76 73 4 101
27 74 4 102
76 75 4 103
76 73 4 135
27 74 4 136
76 75 4 137
76 73 4 169
27 74 4 170
76 75 4 171
76 73 4 174
27 74 4 175
76 75 4 176
76 74 4 -1
27 75 4 0
76 76 4 1
76 74 4 33
27 75 4 34
76 76 4 35
76 74 4 67
27 75 4 68
76 76 4 69
76 74 4 101
27 75 4 102
76 76 4 103
76 74 4 135
27 75 4 136
76 76 4 137
76 74 4 169
27 75 4 170
76 76 4 171
76 74 4 174
27 75 4 175
76 76 4 176
76 75 4 -1
27 76 4 0
76 77 4 1
76 75 4 33
27 76 4 34
76 77 4 35
76 75 4 67
27 76 4 68
76 77 4 69
76 75 4 101
27 76 4 102
76 77 4 103
76 75 4 135
27 76 4 136
76 77 4 137
76 75 4 169
27 76 4 170
76 77 4 171
76 75 4 174
27 76 4 175
76 77 4 176
76 76 4 -1
27 77 4 0
76 78 4 1
76 76 4 33
27 77 4 34
76 78 4 35
76 76 4 67
27 77 4 68
76 78 4 69
76 76 4 101
27 77 4 102
76 78 4 103
76 76 4 135
27 77 4 136
76 78 4 137
76 76 4 169
27 77 4 170
76 78 4 171
76 76 4 174
27 77 4 175
76 78 4 176
76 77 4 -1
27 78 4 0
76 79 4 1
76 77 4 33
27 78 4 34
76 79 4 35
76 77 4 67
27 78 4 68
76 79 4 69
76 77 4 101
27 78 4 102
76 79 4 103
76 77 4 135
27 78 4 136
76 79 4 137
76 77 4 169
27 78 4 170
76 79 4 171
76 77 4 174
27 78 4 175
76 79 4 176
76 78 4 -1
27 79 4 0
76 80 4 1
76 78 4 33
27 79 4 34
76 80 4 35
76 78 4 67
27 79 4 68
76 80 4 69
76 78 4 101
27 79 4 102
76 80 4 103
76 78 4 135
27 79 4 136
76 80 4 137
76 78 4 169
27 79 4 170
76 80 4 171
76 78 4 174
27 79 4 175
76 80 4 176
76 79 4 -1
27 80 4 0
76 81 4 1
76 79 4 33
27 80 4 34
76 81 4 35
76 79 4 67
27 80 4 68
76 81 4 69
76 79 4 101
27 80 4 102
76 81 4 103
76 79 4 135
27 80 4 136
76 81 4 137
76 79 4 169
27 80 4 170
76 81 4 171
76 79 4 174
27 80 4 175
76 81 4 176
76 80 4 -1
27 81 4 0
76 82 4 1
76 80 4 33
27 81 4 34
76 82 4 35
76 80 4 67
27 81 4 68
76 82 4 69
76 80 4 101
27 81 4 102
76 82 4 103
76 80 4 135
27 81 4 136
76 82 4 137
76 80 4 169
27 81 4 170
76 82 4 171
76 80 4 174
27 81 4 175
76 82 4 176
76 81 4 -1
27 82 4 0
76 83 4 1
76 81 4 33
27 82 4 34
76 83 4 35
76 81 4 67
27 82 4 68
76 83 4 69
76 81 4 101
27 82 4 102
76 83 4 103
76 81 4 135
27 82 4 136
76 83 4 137
76 81 4 169
27 82 4 170
76 83 4 171
76 81 4 174
27 82 4 175
76 83 4 176
76 82 4 -1
27 83 4 0
76 84 4 1
76 82 4 33
27 83 4 34
76 84 4 35
76 82 4 67
27 83 4 68
76 84 4 69
76 82 4 101
27 83 4 102
76 84 4 103
76 82 4 135
27 83 4 136
76 84 4 137
76 82 4 169
27 83 4 170
76 84 4 171
76 82 4 174
27 83 4 175
76 84 4 176
76 83 4 -1
27 84 4 0
76 85 4 1
76 83 4 33
27 84 4 34
76 85 4 35
76 83 4 67
27 84 4 68
76 85 4 69
76 83 4 101
27 84 4 102
76 85 4 103
76 83 4 135
27 84 4 136
76 85 4 137
76 83 4 169
27 84 4 170
76 85 4 171
76 83 4 174
27 84 4 175
76 85 4 176
76 84 4 -1
27 85 4 0
76 86 4 1
76 84 4 33
27 85 4 34
76 86 4 35
76 84 4 67
27 85 4 68
76 86 4 69
76 84 4 101
27 85 4 102
76 86 4 103
76 84 4 135
27 85 4 136
76 86 4 137
76 84 4 169
27 85 4 170
76 86 4 171
76 84 4 174
27 85 4 175
76 86 4 176
76 85 4 -1
27 86 4 0
76 87 4 1
76 85 4 33
27 86 4 34
76 87 4 35
76 85 4 67
27 86 4 68
76 87 4 69
76 85 4 101
27 86 4 102
76 87 4 103
76 85 4 135
27 86 4 136
76 87 4 137
76 85 4 169
27 86 4 170
76 87 4 171
76 85 4 174
27 86 4 175
76 87 4 176
76 86 4 -1
27 87 4 0
76 88 4 1
76 86 4 33
27 87 4 34
76 88 4 35
76 86 4 67
27 87 4 68
76 88 4 69
76 86 4 101
27 87 4 102
76 88 4 103
76 86 4 135
27 87 4 136
76 88 4 137
76 86 4 169
27 87 4 170
76 88 4 171
76 86 4 174
27 87 4 175
76 88 4 176
76 87 4 -1
27 88 4 0
76 89 4 1
76 87 4 33
27 88 4 34
76 89 4 35
76 87 4 67
27 88 4 68
76 89 4 69
76 87 4 101
27 88 4 102
76 89 4 103
76 87 4 135
27 88 4 136
76 89 4 137
76 87 4 169
27 88 4 170
76 89 4 171
76 87 4 174
27 88 4 175
76 89 4 176
76 88 4 -1
27 89 4 0
76 90 4 1
76 88 4 33
27 89 4 34
76 90 4 35
76 88 4 67
27 89 4 68
76 90 4 69
76 88 4 101
27 89 4 102
76 90 4 103
76 88 4 135
27 89 4 136
76 90 4 137
76 88 4 169
27 89 4 170
76 90 4 171
76 88 4 174
27 89 4 175
76 90 4 176
76 89 4 -1
27 90 4 0
76 91 4 1
76 89 4 33
27 90 4 34
76 91 4 35
76 89 4 67
27 90 4 68
76 91 4 69
76 89 4 101
27 90 4 102
76 91 4 103
76 89 4 135
27 90 4 136
76 91 4 137
76 89 4 169
27 90 4 170
76 91 4 171
76 89 4 174
27 90 4 175
76 91 4 176
76 90 4 -1
27 91 4 0
76 92 4 1
76 90 4 33
27 91 4 34
76 92 4 35
76 90 4 67
27 91 4 68
76 92 4 69
76 90 4 101
27 91 4 102
76 92 4 103
76 90 4 135
27 91 4 136
76 92 4 137
76 90 4 169
27 91 4 170
76 92 4 171
76 90 4 174
27 91 4 175
76 92 4 176
76 91 4 -1
27 92 4 0
76 93 4 1
76 91 4 33
27 92 4 34
76 93 4 35
76 91 4 67
27 92 4 68
76 93 4 69
76 91 4 101
27 92 4 102
76 93 4 103
76 91 4 135
27 92 4 136
76 93 4 137
76 91 4 169
27 92 4 170
76 93 4 171
76 91 4 174
27 92 4 175
76 93 4 176
76 92 4 -1
27 93 4 0
76 94 4 1
76 92 4 33
27 93 4 34
76 94 4 35
76 92 4 67
27 93 4 68
76 94 4 69
76 92 4 101
27 93 4 102
76 94 4 103
76 92 4 135
27 93 4 136
76 94 4 137
76 92 4 169
27 93 4 170
76 94 4 171
76 92 4 174
27 93 4 175
76 94 4 176
76 93 4 -1
27 94 4 0
76 95 4 1
76 93 4 33
27 94 4 34
76 95 4 35
76 93 4 67
27 94 4 68
76 95 4 69
76 93 4 101
27 94 4 102
76 95 4 103
76 93 4 135
27 94 4 136
76 95 4 137
76 93 4 169
27 94 4 170
76 95 4 171
76 93 4 174
27 94 4 175
76 95 4 176
76 94 4 -1
27 95 4 0
76 96 4 1
76 94 4 33
27 95 4 34
76 96 4 35
76 94 4 67
27 95 4 68
76 96 4 69
76 94 4 101
27 95 4 102
76 96 4 103
76 94 4 135
27 95 4 136
76 96 4 137
76 94 4 169
27 95 4 170
76 96 4 171
76 94 4 174
27 95 4 175
76 96 4 176
76 95 4 -1
27 96 4 0
76 97 4 1
76 95 4 33
27 96 4 34
76 97 4 35
76 95 4 67
27 96 4 68
76 97 4 69
76 95 4 101
27 96 4 102
76 97 4 103
76 95 4 135
27 96 4 136
76 97 4 137
76 95 4 169
27 96 4 170
76 97 4 171
76 95 4 174
27 96 4 175
76 97 4 176
76 96 4 -1
27 97 4 0
76 98 4 1
76 96 4 33
27 97 4 34
76 98 4 35
76 96 4 67
27 97 4 68
76 98 4 69
76 96 4 101
27 97 4 102
76 98 4 103
76 96 4 135
27 97 4 136
76 98 4 137
76 96 4 169
27 97 4 170
76 98 4 171
76 96 4 174
27 97 4 175
76 98 4 176
76 97 4 -1
27 98 4 0
76 99 4 1
76 97 4 33
27 98 4 34
76 99 4 35
76 97 4 67
27 98 4 68
76 99 4 69
76 97 4 101
27 98 4 102
76 99 4 103
76 97 4 135
27 98 4 136
76 99 4 137
76 97 4 169
27 98 4 170
76 99 4 171
76 97 4 174
27 98 4 175
76 99 4 176
76 98 4 -1
27 99 4 0
76 100 4 1
76 98 4 33
27 99 4 34
76 100 4 35
76 98 4 67
27 99 4 68
76 100 4 69
76 98 4 101
27 99 4 102
76 100 4 103
76 98 4 135
27 99 4 136
76 100 4 137
76 98 4 169
27 99 4 170
76 100 4 171
76 98 4 174
27 99 4 175
76 100 4 176
76 99 4 -1
27 100 4 0
76 101 4 1
76 99 4 33
27 100 4 34
76 101 4 35
76 99 4 67
27 100 4 68
76 101 4 69
76 99 4 101
27 100 4 102
76 101 4 103
76 99 4 135
27 100 4 136
76 101 4 137
76 99 4 169
27 100 4 170
76 101 4 171
76 99 4 174
27 100 4 175
76 101 4 176
76 100 4 -1
27 101 4 0
76 102 4 1
76 100 4 33
27 101 4 34
76 102 4 35
76 100 4 67
27 101 4 68
76 102 4 69
76 100 4 101
27 101 4 102
76 102 4 103
76 100 4 135
27 101 4 136
76 102 4 137
76 100 4 169
27 101 4 170
76 102 4 171
76 100 4 174
27 101 4 175
76 102 4 176
76 101 4 -1
27 102 4 0
76 103 4 1
76 101 4 0
27 102 4 1
76 103 4 2
76 101 4 1
27 102 4 2
76 103 4 3
76 101 4 2
27 102 4 3
76 103 4 4
76 101 4 3
27 102 4 4
76 103 4 5
76 101 4 4
27 102 4 5
76 103 4 6
76 101 4 5
27 102 4 6
76 103 4 7
76 101 4 6
27 102 4 7
76 103 4 8
76 101 4 7
27 102 4 8
76 103 4 9
76 101 4 8
27 102 4 9
76 103 4 10
76 101 4 9
27 102 4 10
76 103 4 11
76 101 4 10
27 102 4 11
76 103 4 12
76 101 4 11
27 102 4 12
76 103 4 13
76 101 4 12
27 102 4 13
76 103 4 14
76 101 4 13
27 102 4 14
76 103 4 15
76 101 4 14
27 102 4 15
76 103 4 16
76 101 4 15
27 102 4 16
76 103 4 17
76 101 4 16
27 102 4 17
76 103 4 18
76 101 4 17
27 102 4 18
76 103 4 19
76 101 4 18
27 102 4 19
76 103 4 20
76 101 4 19
27 102 4 20
76 103 4 21
76 101 4 20
27 102 4 21
76 103 4 22
76 101 4 21
27 102 4 22
76 103 4 23
76 101 4 22
27 102 4 23
76 103 4 24
76 101 4 23
27 102 4 24
76 103 4 25
76 101 4 24
27 102 4 25
76 103 4 26
76 101 4 25
27 102 4 26
76 103 4 27
76 101 4 26
27 102 4 27
76 103 4 28
76 101 4 27
27 102 4 28
76 103 4 29
76 101 4 28
27 102 4 29
76 103 4 30
76 101 4 29
27 102 4 30
76 103 4 31
76 101 4 30
27 102 4 31
76 103 4 32
76 101 4 31
27 102 4 32
76 103 4 33
76 101 4 32
27 102 4 33
76 103 4 34
76 101 4 33
27 102 4 34
76 103 4 35
76 101 4 34
27 102 4 35
76 103 4 36
76 101 4 35
27 102 4 36
76 103 4 37
76 101 4 36
27 102 4 37
76 103 4 38
76 101 4 37
27 102 4 38
76 103 4 39
76 101 4 38
27 102 4 39
76 103 4 40
76 101 4 39
27 102 4 40
76 103 4 41
76 101 4 40
27 102 4 41
76 103 4 42
76 101 4 41
27 102 4 42
76 103 4 43
76 101 4 42
27 102 4 43
76 103 4 44
76 101 4 43
27 102 4 44
76 103 4 45
76 101 4 44
27 102 4 45
76 103 4 46
76 101 4 45
27 102 4 46
76 103 4 47
76 101 4 46
27 102 4 47
76 103 4 48
76 101 4 47
27 102 4 48
76 103 4 49
76 101 4 48
27 102 4 49
76 103 4 50
76 101 4 49
27 102 4 50
76 103 4 51
76 101 4 50
27 102 4 51
76 103 4 52
76 101 4 51
27 102 4 52
76 103 4 53
76 101 4 52
27 102 4 53
76 103 4 54
76 101 4 53
27 102 4 54
76 103 4 55
76 101 4 54
27 102 4 55
76 103 4 56
76 101 4 55
27 102 4 56
76 103 4 57
76 101 4 56
27 102 4 57
76 103 4 58
76 101 4 57
27 102 4 58
76 103 4 59
76 101 4 58
27 102 4 59
76 103 4 60
76 101 4 59
27 102 4 60
76 103 4 61
76 101 4 60
27 102 4 61
76 103 4 62
76 101 4 61
27 102 4 62
76 103 4 63
76 101 4 62
27 102 4 63
76 103 4 64
76 101 4 63
27 102 4 64
76 103 4 65
76 101 4 64
27 102 4 65
76 103 4 66
76 101 4 65
27 102 4 66
76 103 4 67
76 101 4 66
27 102 4 67
76 103 4 68
76 101 4 67
27 102 4 68
76 103 4 69
76 101 4 68
27 102 4 69
76 103 4 70
76 101 4 69
27 102 4 70
76 103 4 71
76 101 4 70
27 102 4 71
76 103 4 72
76 101 4 71
27 102 4 72
76 103 4 73
76 101 4 72
27 102 4 73
76 103 4 74
76 101 4 73
27 102 4 74
76 103 4 75
76 101 4 74
27 102 4 75
76 103 4 76
76 101 4 75
27 102 4 76
76 103 4 77
76 101 4 76
27 102 4 77
76 103 4 78
76 101 4 77
27 102 4 78
76 103 4 79
76 101 4 78
27 102 4 79
76 103 4 80
76 101 4 79
27 102 4 80
76 103 4 81
76 101 4 80
27 102 4 81
76 103 4 82
76 101 4 81
27 102 4 82
76 103 4 83
76 101 4 82
27 102 4 83
76 103 4 84
76 101 4 83
27 102 4 84
76 103 4 85
76 101 4 84
27 102 4 85
76 103 4 86
76 101 4 85
27 102 4 86
76 103 4 87
76 101 4 86
27 102 4 87
76 103 4 88
76 101 4 87
27 102 4 88
76 103 4 89
76 101 4 88
27 102 4 89
76 103 4 90
76 101 4 89
27 102 4 90
76 103 4 91
76 101 4 90
27 102 4 91
76 103 4 92
76 101 4 91
27 102 4 92
76 103 4 93
76 101 4 92
27 102 4 93
76 103 4 94
76 101 4 93
27 102 4 94
76 103 4 95
76 101 4 94
27 102 4 95
76 103 4 96
76 101 4 95
27 102 4 96
76 103 4 97
76 101 4 96
27 102 4 97
76 103 4 98
76 101 4 97
27 102 4 98
76 103 4 99
76 101 4 98
27 102 4 99
76 103 4 100
76 101 4 99
27 102 4 100
76 103 4 101
76 101 4 100
27 102 4 101
76 103 4 102
76 101 4 101
27 102 4 102
76 103 4 103
76 101 4 102
27 102 4 103
76 103 4 104
76 101 4 103
27 102 4 104
76 103 4 105
76 101 4 104
27 102 4 105
76 103 4 106
76 101 4 105
27 102 4 106
76 103 4 107
76 101 4 106
27 102 4 107
76 103 4 108
76 101 4 107
27 102 4 108
76 103 4 109
76 101 4 108
27 102 4 109
76 103 4 110
76 101 4 109
27 102 4 110
76 103 4 111
76 101 4 110
27 102 4 111
76 103 4 112
76 101 4 111
27 102 4 112
76 103 4 113
76 101 4 112
27 102 4 113
76 103 4 114
76 101 4 113
27 102 4 114
76 103 4 115
76 101 4 114
27 102 4 115
76 103 4 116
76 101 4 115
27 102 4 116
76 103 4 117
76 101 4 116
27 102 4 117
76 103 4 118
76 101 4 117
27 102 4 118
76 103 4 119
76 101 4 118
27 102 4 119
76 103 4 120
76 101 4 119
27 102 4 120
76 103 4 121
76 101 4 120
27 102 4 121
76 103 4 122
76 101 4 121
27 102 4 122
76 103 4 123
76 101 4 122
27 102 4 123
76 103 4 124
76 101 4 123
27 102 4 124
76 103 4 125
76 101 4 124
27 102 4 125
76 103 4 126
76 101 4 125
27 102 4 126
76 103 4 127
76 101 4 126
27 102 4 127
76 103 4 128
76 101 4 127
27 102 4 128
76 103 4 129
76 101 4 128
27 102 4 129
76 103 4 130
76 101 4 129
27 102 4 130
76 103 4 131
76 101 4 130
27 102 4 131
76 103 4 132
76 101 4 131
27 102 4 132
76 103 4 133
76 101 4 132
27 102 4 133
76 103 4 134
76 101 4 133
27 102 4 134
76 103 4 135
76 101 4 134
27 102 4 135
76 103 4 136
76 101 4 135
27 102 4 136
76 103 4 137
76 101 4 136
27 102 4 137
76 103 4 138
76 101 4 137
27 102 4 138
76 103 4 139
76 101 4 138
27 102 4 139
76 103 4 140
76 101 4 139
27 102 4 140
76 103 4 141
76 101 4 140
27 102 4 141
76 103 4 142
76 101 4 141
27 102 4 142
76 103 4 143
76 101 4 142
27 102 4 143
76 103 4 144
76 101 4 143
27 102 4 144
76 103 4 145
76 101 4 144
27 102 4 145
76 103 4 146
76 101 4 145
27 102 4 146
76 103 4 147
76 101 4 146
27 102 4 147
76 103 4 148
76 101 4 147
27 102 4 148
76 103 4 149
76 101 4 148
27 102 4 149
76 103 4 150
76 101 4 149
27 102 4 150
76 103 4 151
76 101 4 150
27 102 4 151
76 103 4 152
76 101 4 151
27 102 4 152
76 103 4 153
76 101 4 152
27 102 4 153
76 103 4 154
76 101 4 153
27 102 4 154
76 103 4 155
76 101 4 154
27 102 4 155
76 103 4 156
76 101 4 155
27 102 4 156
76 103 4 157
76 101 4 156
27 102 4 157
76 103 4 158
76 101 4 157
27 102 4 158
76 103 4 159
76 101 4 158
27 102 4 159
76 103 4 160
76 101 4 159
27 102 4 160
76 103 4 161
76 101 4 160
27 102 4 161
76 103 4 162
76 101 4 161
27 102 4 162
76 103 4 163
76 101 4 162
27 102 4 163
76 103 4 164
76 101 4 163
27 102 4 164
76 103 4 165
76 101 4 164
27 102 4 165
76 103 4 166
76 101 4 165
27 102 4 166
76 103 4 167
76 101 4 166
27 102 4 167
76 103 4 168
76 101 4 167
27 102 4 168
76 103 4 169
76 101 4 168
27 102 4 169
76 103 4 170
76 101 4 169
27 102 4 170
76 103 4 171
76 101 4 170
27 102 4 171
76 103 4 172
76 101 4 171
27 102 4 172
76 103 4 173
76 101 4 172
27 102 4 173
76 103 4 174
76 101 4 173
27 102 4 174
76 103 4 175
76 101 4 174
27 102 4 175
76 103 4 176
76 102 4 -1
27 103 4 0
76 104 4 1
76 102 4 33
27 103 4 34
76 104 4 35
76 102 4 67
27 103 4 68
76 104 4 69
76 102 4 101
27 103 4 102
76 104 4 103
76 102 4 135
27 103 4 136
76 104 4 137
76 102 4 169
27 103 4 170
76 104 4 171
76 102 4 174
27 103 4 175
76 104 4 176
76 103 4 -1
27 104 4 0
76 105 4 1
76 103 4 33
27 104 4 34
76 105 4 35
76 103 4 67
27 104 4 68
76 105 4 69
76 103 4 101
27 104 4 102
76 105 4 103
76 103 4 135
27 104 4 136
76 105 4 137
76 103 4 169
27 104 4 170
76 105 4 171
76 103 4 174
27 104 4 175
76 105 4 176
76 104 4 -1
27 105 4 0
76 106 4 1
76 104 4 33
27 105 4 34
76 106 4 35
76 104 4 67
27 105 4 68
76 106 4 69
76 104 4 101
27 105 4 102
76 106 4 103
76 104 4 135
27 105 4 136
76 106 4 137
76 104 4 169
27 105 4 170
76 106 4 171
76 104 4 174
27 105 4 175
76 106 4 176
76 105 4 -1
27 106 4 0
76 107 4 1
76 105 4 33
27 106 4 34
76 107 4 35
76 105 4 67
27 106 4 68
76 107 4 69
76 105 4 101
27 106 4 102
76 107 4 103
76 105 4 135
27 106 4 136
76 107 4 137
76 105 4 169
27 106 4 170
76 107 4 171
76 105 4 174
27 106 4 175
76 107 4 176
76 106 4 -1
27 107 4 0
76 108 4 1
76 106 4 33
27 107 4 34
76 108 4 35
76 106 4 67
27 107 4 68
76 108 4 69
76 106 4 101
27 107 4 102
76 108 4 103
76 106 4 135
27 107 4 136
76 108 4 137
76 106 4 169
27 107 4 170
76 108 4 171
76 106 4 174
27 107 4 175
76 108 4 176
76 107 4 -1
27 108 4 0
76 109 4 1
76 107 4 33
27 108 4 34
76 109 4 35
76 107 4 67
27 108 4 68
76 109 4 69
76 107 4 101
27 108 4 102
76 109 4 103
76 107 4 135
27 108 4 136
76 109 4 137
76 107 4 169
27 108 4 170
76 109 4 171
76 107 4 174
27 108 4 175
76 109 4 176
76 108 4 -1
27 109 4 0
76 110 4 1
76 108 4 33
27 109 4 34
76 110 4 35
76 108 4 67
27 109 4 68
76 110 4 69
76 108 4 101
27 109 4 102
76 110 4 103
76 108 4 135
27 109 4 136
76 110 4 137
76 108 4 169
27 109 4 170
76 110 4 171
76 108 4 174
27 109 4 175
76 110 4 176
76 109 4 -1
27 110 4 0
76 111 4 1
76 109 4 33
27 110 4 34
76 111 4 35
76 109 4 67
27 110 4 68
76 111 4 69
76 109 4 101
27 110 4 102
76 111 4 103
76 109 4 135
27 110 4 136
76 111 4 137
76 109 4 169
27 110 4 170
76 111 4 171
76 109 4 174
27 110 4 175
76 111 4 176
76 110 4 -1
27 111 4 0
76 112 4 1
76 110 4 33
27 111 4 34
76 112 4 35
76 110 4 67
27 111 4 68
76 112 4 69
76 110 4 101
27 111 4 102
76 112 4 103
76 110 4 135
27 111 4 136
76 112 4 137
76 110 4 169
27 111 4 170
76 112 4 171
76 110 4 174
27 111 4 175
76 112 4 176
76 111 4 -1
27 112 4 0
76 113 4 1
76 111 4 33
27 112 4 34
76 113 4 35
76 111 4 67
27 112 4 68
76 113 4 69
76 111 4 101
27 112 4 102
76 113 4 103
76 111 4 135
27 112 4 136
76 113 4 137
76 111 4 169
27 112 4 170
76 113 4 171
76 111 4 174
27 112 4 175
76 113 4 176
76 112 4 -1
27 113 4 0
76 114 4 1
76 112 4 33
27 113 4 34
76 114 4 35
76 112 4 67
27 113 4 68
76 114 4 69
76 112 4 101
27 113 4 102
76 114 4 103
76 112 4 135
27 113 4 136
76 114 4 137
76 112 4 169
27 113 4 170
76 114 4 171
76 112 4 174
27 113 4 175
76 114 4 176
76 113 4 -1
27 114 4 0
76 115 4 1
76 113 4 33
27 114 4 34
76 115 4 35
76 113 4 67
27 114 4 68
76 115 4 69
76 113 4 101
27 114 4 102
76 115 4 103
76 113 4 135
27 114 4 136
76 115 4 137
76 113 4 169
27 114 4 170
76 115 4 171
76 113 4 174
27 114 4 175
76 115 4 176
76 114 4 -1
27 115 4 0
76 116 4 1
76 114 4 33
27 115 4 34
76 116 4 35
76 114 4 67
27 115 4 68
76 116 4 69
76 114 4 101
27 115 4 102
76 116 4 103
76 114 4 135
27 115 4 136
76 116 4 137
76 114 4 169
27 115 4 170
76 116 4 171
76 114 4 174
27 115 4 175
76 116 4 176
76 115 4 -1
27 116 4 0
76 117 4 1
76 115 4 33
27 116 4 34
76 117 4 35
76 115 4 67
27 116 4 68
76 117 4 69
76 115 4 101
27 116 4 102
76 117 4 103
76 115 4 135
27 116 4 136
76 117 4 137
76 115 4 169
27 116 4 170
76 117 4 171
76 115 4 174
27 116 4 175
76 117 4 176
76 116 4 -1
27 117 4 0
76 118 4 1
76 116 4 33
27 117 4 34
76 118 4 35
76 116 4 67
27 117 4 68
76 118 4 69
76 116 4 101
27 117 4 102
76 118 4 103
76 116 4 135
27 117 4 136
76 118 4 137
76 116 4 169
27 117 4 170
76 118 4 171
76 116 4 174
27 117 4 175
76 118 4 176
76 117 4 -1
27 118 4 0
76 119 4 1
76 117 4 33
27 118 4 34
76 119 4 35
76 117 4 67
27 118 4 68
76 119 4 69
76 117 4 101
27 118 4 102
76 119 4 103
76 117 4 135
27 118 4 136
76 119 4 137
76 117 4 169
27 118 4 170
76 119 4 171
76 117 4 174
27 118 4 175
76 119 4 176
76 118 4 -1
27 119 4 0
76 120 4 1
76 118 4 33
27 119 4 34
76 120 4 35
76 118 4 67
27 119 4 68
76 120 4 69
76 118 4 101
27 119 4 102
76 120 4 103
76 118 4 135
27 119 4 136
76 120 4 137
76 118 4 169
27 119 4 170
76 120 4 171
76 118 4 174
27 119 4 175
76 120 4 176
76 119 4 -1
27 120 4 0
76 121 4 1
76 119 4 33
27 120 4 34
76 121 4 35
76 119 4 67
27 120 4 68
76 121 4 69
76 119 4 101
27 120 4 102
76 121 4 103
76 119 4 135
27 120 4 136
76 121 4 137
76 119 4 169
27 120 4 170
76 121 4 171
76 119 4 174
27 120 4 175
76 121 4 176
76 120 4 -1
27 121 4 0
76 122 4 1
76 120 4 33
27 121 4 34
76 122 4 35
76 120 4 67
27 121 4 68
76 122 4 69
76 120 4 101
27 121 4 102
76 122 4 103
76 120 4 135
27 121 4 136
76 122 4 137
76 120 4 169
27 121 4 170
76 122 4 171
76 120 4 174
27 121 4 175
76 122 4 176
76 121 4 -1
27 122 4 0
76 123 4 1
76 121 4 33
27 122 4 34
76 123 4 35
76 121 4 67
27 122 4 68
76 123 4 69
76 121 4 101
27 122 4 102
76 123 4 103
76 121 4 135
27 122 4 136
76 123 4 137
76 121 4 169
27 122 4 170
76 123 4 171
76 121 4 174
27 122 4 175
76 123 4 176
76 122 4 -1
27 123 4 0
76 124 4 1
76 122 4 33
27 123 4 34
76 124 4 35
76 122 4 67
27 123 4 68
76 124 4 69
76 122 4 101
27 123 4 102
76 124 4 103
76 122 4 135
27 123 4 136
76 124 4 137
76 122 4 169
27 123 4 170
76 124 4 171
76 122 4 174
27 123 4 175
76 124 4 176
76 123 4 -1
27 124 4 0
76 125 4 1
76 123 4 33
27 124 4 34
76 125 4 35
76 123 4 67
27 124 4 68
76 125 4 69
76 123 4 101
27 124 4 102
76 125 4 103
76 123 4 135
27 124 4 136
76 125 4 137
76 123 4 169
27 124 4 170
76 125 4 171
76 123 4 174
27 124 4 175
76 125 4 176
76 124 4 -1
27 125 4 0
76 126 4 1
76 124 4 33
27 125 4 34
76 126 4 35
76 124 4 67
27 125 4 68
76 126 4 69
76 124 4 101
27 125 4 102
76 126 4 103
76 124 4 135
27 125 4 136
76 126 4 137
76 124 4 169
27 125 4 170
76 126 4 171
76 124 4 174
27 125 4 175
76 126 4 176
76 125 4 -1
27 126 4 0
76 127 4 1
76 125 4 33
27 126 4 34
76 127 4 35
76 125 4 67
27 126 4 68
76 127 4 69
76 125 4 101
27 126 4 102
76 127 4 103
76 125 4 135
27 126 4 136
76 127 4 137
76 125 4 169
27 126 4 170
76 127 4 171
76 125 4 174
27 126 4 175
76 127 4 176
76 126 4 -1
27 127 4 0
76 128 4 1
76 126 4 33
27 127 4 34
76 128 4 35
76 126 4 67
27 127 4 68
76 128 4 69
76 126 4 101
27 127 4 102
76 128 4 103
76 126 4 135
27 127 4 136
76 128 4 137
76 126 4 169
27 127 4 170
76 128 4 171
76 126 4 174
27 127 4 175
76 128 4 176
76 127 4 -1
27 128 4 0
76 129 4 1
76 127 4 33
27 128 4 34
76 129 4 35
76 127 4 67
27 128 4 68
76 129 4 69
76 127 4 101
27 128 4 102
76 129 4 103
76 127 4 135
27 128 4 136
76 129 4 137
76 127 4 169
27 128 4 170
76 129 4 171
76 127 4 174
27 128 4 175
76 129 4 176
76 128 4 -1
27 129 4 0
76 130 4 1
76 128 4 33
27 129 4 34
76 130 4 35
76 128 4 67
27 129 4 68
76 130 4 69
76 128 4 101
27 129 4 102
76 130 4 103
76 128 4 135
27 129 4 136
76 130 4 137
76 128 4 169
27 129 4 170
76 130 4 171
76 128 4 174
27 129 4 175
76 130 4 176
76 129 4 -1
27 130 4 0
76 131 4 1
76 129 4 33
27 130 4 34
76 131 4 35
76 129 4 67
27 130 4 68
76 131 4 69
76 129 4 101
27 130 4 102
76 131 4 103
76 129 4 135
27 130 4 136
76 131 4 137
76 129 4 169
27 130 4 170
76 131 4 171
76 129 4 174
27 130 4 175
76 131 4 176
76 130 4 -1
27 131 4 0
76 132 4 1
76 130 4 33
27 131 4 34
76 132 4 35
76 130 4 67
27 131 4 68
76 132 4 69
76 130 4 101
27 131 4 102
76 132 4 103
76 130 4 135
27 131 4 136
76 132 4 137
76 130 4 169
27 131 4 170
76 132 4 171
76 130 4 174
27 131 4 175
76 132 4 176
76 131 4 -1
27 132 4 0
76 133 4 1
76 131 4 33
27 132 4 34
76 133 4 35
76 131 4 67
27 132 4 68
76 133 4 69
76 131 4 101
27 132 4 102
76 133 4 103
76 131 4 135
27 132 4 136
76 133 4 137
76 131 4 169
27 132 4 170
76 133 4 171
76 131 4 174
27 132 4 175
76 133 4 176
76 132 4 -1
27 133 4 0
76 134 4 1
76 132 4 33
27 133 4 34
76 134 4 35
76 132 4 67
27 133 4 68
76 134 4 69
76 132 4 101
27 133 4 102
76 134 4 103
76 132 4 135
27 133 4 136
76 134 4 137
76 132 4 169
27 133 4 170
76 134 4 171
76 132 4 174
27 133 4 175
76 134 4 176
76 133 4 -1
27 134 4 0
76 135 4 1
76 133 4 33
27 134 4 34
76 135 4 35
76 133 4 67
27 134 4 68
76 135 4 69
76 133 4 101
27 134 4 102
76 135 4 103
76 133 4 135
27 134 4 136
76 135 4 137
76 133 4 169
27 134 4 170
76 135 4 171
76 133 4 174
27 134 4 175
76 135 4 176
76 134 4 -1
27 135 4 0
76 136 4 1
76 134 4 33
27 135 4 34
76 136 4 35
76 134 4 67
27 135 4 68
76 136 4 69
76 134 4 101
27 135 4 102
76 136 4 103
76 134 4 135
27 135 4 136
76 136 4 137
76 134 4 169
27 135 4 170
76 136 4 171
76 134 4 174
27 135 4 175
76 136 4 176
76 135 4 -1
27 136 4 0
76 137 4 1
76 135 4 0
27 136 4 1
76 137 4 2
76 135 4 1
27 136 4 2
76 137 4 3
76 135 4 2
27 136 4 3
76 137 4 4
76 135 4 3
27 136 4 4
76 137 4 5
76 135 4 4
27 136 4 5
76 137 4 6
76 135 4 5
27 136 4 6
76 137 4 7
76 135 4 6
27 136 4 7
76 137 4 8
76 135 4 7
27 136 4 8
76 137 4 9
76 135 4 8
27 136 4 9
76 137 4 10
76 135 4 9
27 136 4 10
76 137 4 11
76 135 4 10
27 136 4 11
76 137 4 12
76 135 4 11
27 136 4 12
76 137 4 13
76 135 4 12
27 136 4 13
76 137 4 14
76 135 4 13
27 136 4 14
76 137 4 15
76 135 4 14
27 136 4 15
76 137 4 16
76 135 4 15
27 136 4 16
76 137 4 17
76 135 4 16
27 136 4 17
76 137 4 18
76 135 4 17
27 136 4 18
76 137 4 19
76 135 4 18
27 136 4 19
76 137 4 20
76 135 4 19
27 136 4 20
76 137 4 21
76 135 4 20
27 136 4 21
76 137 4 22
76 135 4 21
27 136 4 22
76 137 4 23
76 135 4 22
27 136 4 23
76 137 4 24
76 135 4 23
27 136 4 24
76 137 4 25
76 135 4 24
27 136 4 25
76 137 4 26
76 135 4 25
27 136 4 26
76 137 4 27
76 135 4 26
27 136 4 27
76 137 4 28
76 135 4 27
27 136 4 28
76 137 4 29
76 135 4 28
27 136 4 29
76 137 4 30
76 135 4 29
27 136 4 30
76 137 4 31
76 135 4 30
27 136 4 31
76 137 4 32
76 135 4 31
27 136 4 32
76 137 4 33
76 135 4 32
27 136 4 33
76 137 4 34
76 135 4 33
27 136 4 34
76 137 4 35
76 135 4 34
27 136 4 35
76 137 4 36
76 135 4 35
27 136 4 36
76 137 4 37
76 135 4 36
27 136 4 37
76 137 4 38
76 135 4 37
27 136 4 38
76 137 4 39
76 135 4 38
27 136 4 39
76 137 4 40
76 135 4 39
27 136 4 40
76 137 4 41
76 135 4 40
27 136 4 41
76 137 4 42
76 135 4 41
27 136 4 42
76 137 4 43
76 135 4 42
27 136 4 43
76 137 4 44
76 135 4 43
27 136 4 44
76 137 4 45
76 135 4 44
27 136 4 45
76 137 4 46
76 135 4 45
27 136 4 46
76 137 4 47
76 135 4 46
27 136 4 47
76 137 4 48
76 135 4 47
27 136 4 48
76 137 4 49
76 135 4 48
27 136 4 49
76 137 4 50
76 135 4 49
27 136 4 50
76 137 4 51
76 135 4 50
27 136 4 51
76 137 4 52
76 135 4 51
27 136 4 52
76 137 4 53
76 135 4 52
27 136 4 53
76 137 4 54
76 135 4 53
27 136 4 54
76 137 4 55
76 135 4 54
27 136 4 55
76 137 4 56
76 135 4 55
27 136 4 56
76 137 4 57
76 135 4 56
27 136 4 57
76 137 4 58
76 135 4 57
27 136 4 58
76 137 4 59
76 135 4 58
27 136 4 59
76 137 4 60
76 135 4 59
27 136 4 60
76 137 4 61
76 135 4 60
27 136 4 61
76 137 4 62
76 135 4 61
27 136 4 62
76 137 4 63
76 135 4 62
27 136 4 63
76 137 4 64
76 135 4 63
27 136 4 64
76 137 4 65
76 135 4 64
27 136 4 65
76 137 4 66
76 135 4 65
27 136 4 66
76 137 4 67
76 135 4 66
27 136 4 67
76 137 4 68
76 135 4 67
27 136 4 68
76 137 4 69
76 135 4 68
27 136 4 69
76 137 4 70
76 135 4 69
27 136 4 70
76 137 4 71
76 135 4 70
27 136 4 71
76 137 4 72
76 135 4 71
27 136 4 72
76 137 4 73
76 135 4 72
27 136 4 73
76 137 4 74
76 135 4 73
27 136 4 74
76 137 4 75
76 135 4 74
27 136 4 75
76 137 4 76
76 135 4 75
27 136 4 76
76 137 4 77
76 135 4 76
27 136 4 77
76 137 4 78
76 135 4 77
27 136 4 78
76 137 4 79
76 135 4 78
27 136 4 79
76 137 4 80
76 135 4 79
27 136 4 80
76 137 4 81
76 135 4 80
27 136 4 81
76 137 4 82
76 135 4 81
27 136 4 82
76 137 4 83
76 135 4 82
27 136 4 83
76 137 4 84
76 135 4 83
27 136 4 84
76 137 4 85
76 135 4 84
27 136 4 85
76 137 4 86
76 135 4 85
27 136 4 86
76 137 4 87
76 135 4 86
27 136 4 87
76 137 4 88
76 135 4 87
27 136 4 88
76 137 4 89
76 135 4 88
27 136 4 89
76 137 4 90
76 135 4 89
27 136 4 90
76 137 4 91
76 135 4 90
27 136 4 91
76 137 4 92
76 135 4 91
27 136 4 92
76 137 4 93
76 135 4 92
27 136 4 93
76 137 4 94
76 135 4 93
27 136 4 94
76 137 4 95
76 135 4 94
27 136 4 95
76 137 4 96
76 135 4 95
27 136 4 96
76 137 4 97
76 135 4 96
27 136 4 97
76 137 4 98
76 135 4 97
27 136 4 98
76 137 4 99
76 135 4 98
27 136 4 99
76 137 4 100
76 135 4 99
27 136 4 100
76 137 4 101
76 135 4 100
27 136 4 101
76 137 4 102
76 135 4 101
27 136 4 102
76 137 4 103
76 135 4 102
27 136 4 103
76 137 4 104
76 135 4 103
27 136 4 104
76 137 4 105
76 135 4 104
27 136 4 105
76 137 4 106
76 135 4 105
27 136 4 106
76 137 4 107
76 135 4 106
27 136 4 107
76 137 4 108
76 135 4 107
27 136 4 108
76 137 4 109
76 135 4 108
27 136 4 109
76 137 4 110
76 135 4 109
27 136 4 110
76 137 4 111
76 135 4 110
27 136 4 111
76 137 4 112
76 135 4 111
27 136 4 112
76 137 4 113
76 135 4 112
27 136 4 113
76 137 4 114
76 135 4 113
27 136 4 114
76 137 4 115
76 135 4 114
27 136 4 115
76 137 4 116
76 135 4 115
27 136 4 116
76 137 4 117
76 135 4 116
27 136 4 117
76 137 4 118
76 135 4 117
27 136 4 118
76 137 4 119
76 135 4 118
27 136 4 119
76 137 4 120
76 135 4 119
27 136 4 120
76 137 4 121
76 135 4 120
27 136 4 121
76 137 4 122
76 135 4 121
27 136 4 122
76 137 4 123
76 135 4 122
27 136 4 123
76 137 4 124
76 135 4 123
27 136 4 124
76 137 4 125
76 135 4 124
27 136 4 125
76 137 4 126
76 135 4 125
27 136 4 126
76 137 4 127
76 135 4 126
27 136 4 127
76 137 4 128
76 135 4 127
27 136 4 128
76 137 4 129
76 135 4 128
27 136 4 129
76 137 4 130
76 135 4 129
27 136 4 130
76 137 4 131
76 135 4 130
27 136 4 131
76 137 4 132
76 135 4 131
27 136 4 132
76 137 4 133
76 135 4 132
27 136 4 133
76 137 4 134
76 135 4 133
27 136 4 134
76 137 4 135
76 135 4 134
27 136 4 135
76 137 4 136
76 135 4 135
27 136 4 136
76 137 4 137
76 135 4 136
27 136 4 137
76 137 4 138
76 135 4 137
27 136 4 138
76 137 4 139
76 135 4 138
27 136 4 139
76 137 4 140
76 135 4 139
27 136 4 140
76 137 4 141
76 135 4 140
27 136 4 141
76 137 4 142
76 135 4 141
27 136 4 142
76 137 4 143
76 135 4 142
27 136 4 143
76 137 4 144
76 135 4 143
27 136 4 144
76 137 4 145
76 135 4 144
27 136 4 145
76 137 4 146
76 135 4 145
27 136 4 146
76 137 4 147
76 135 4 146
27 136 4 147
76 137 4 148
76 135 4 147
27 136 4 148
76 137 4 149
76 135 4 148
27 136 4 149
76 137 4 150
76 135 4 149
27 136 4 150
76 137 4 151
76 135 4 150
27 136 4 151
76 137 4 152
76 135 4 151
27 136 4 152
76 137 4 153
76 135 4 152
27 136 4 153
76 137 4 154
76 135 4 153
27 136 4 154
76 137 4 155
76 135 4 154
27 136 4 155
76 137 4 156
76 135 4 155
27 136 4 156
76 137 4 157
76 135 4 156
27 136 4 157
76 137 4 158
76 135 4 157
27 136 4 158
76 137 4 159
76 135 4 158
27 136 4 159
76 137 4 160
76 135 4 159
27 136 4 160
76 137 4 161
76 135 4 160
27 136 4 161
76 137 4 162
76 135 4 161
27 136 4 162
76 137 4 163
76 135 4 162
27 136 4 163
76 137 4 164
76 135 4 163
27 136 4 164
76 137 4 165
76 135 4 164
27 136 4 165
76 137 4 166
76 135 4 165
27 136 4 166
76 137 4 167
76 135 4 166
27 136 4 167
76 137 4 168
76 135 4 167
27 136 4 168
76 137 4 169
76 135 4 168
27 136 4 169
76 137 4 170
76 135 4 169
27 136 4 170
76 137 4 171
76 135 4 170
27 136 4 171
76 137 4 172
76 135 4 171
27 136 4 172
76 137 4 173
76 135 4 172
27 136 4 173
76 137 4 174
76 135 4 173
27 136 4 174
76 137 4 175
76 135 4 174
27 136 4 175
76 137 4 176
76 136 4 -1
27 137 4 0
76 138 4 1
76 136 4 33
27 137 4 34
76 138 4 35
76 136 4 67
27 137 4 68
76 138 4 69
76 136 4 101
27 137 4 102
76 138 4 103
76 136 4 135
27 137 4 136
76 138 4 137
76 136 4 169
27 137 4 170
76 138 4 171
76 136 4 174
27 137 4 175
76 138 4 176
76 137 4 -1
27 138 4 0
76 139 4 1
76 137 4 33
27 138 4 34
76 139 4 35
76 137 4 67
27 138 4 68
76 139 4 69
76 137 4 101
27 138 4 102
76 139 4 103
76 137 4 135
27 138 4 136
76 139 4 137
76 137 4 169
27 138 4 170
76 139 4 171
76 137 4 174
27 138 4 175
76 139 4 176
76 138 4 -1
27 139 4 0
76 140 4 1
76 138 4 33
27 139 4 34
76 140 4 35
76 138 4 67
27 139 4 68
76 140 4 69
76 138 4 101
27 139 4 102
76 140 4 103
76 138 4 135
27 139 4 136
76 140 4 137
76 138 4 169
27 139 4 170
76 140 4 171
76 138 4 174
27 139 4 175
76 140 4 176
76 139 4 -1
27 140 4 0
76 141 4 1
76 139 4 33
27 140 4 34
76 141 4 35
76 139 4 67
27 140 4 68
76 141 4 69
76 139 4 101
27 140 4 102
76 141 4 103
76 139 4 135
27 140 4 136
76 141 4 137
76 139 4 169
27 140 4 170
76 141 4 171
76 139 4 174
27 140 4 175
76 141 4 176
76 140 4 -1
27 141 4 0
76 142 4 1
76 140 4 33
27 141 4 34
76 142 4 35
76 140 4 67
27 141 4 68
76 142 4 69
76 140 4 101
27 141 4 102
76 142 4 103
76 140 4 135
27 141 4 136
76 142 4 137
76 140 4 169
27 141 4 170
76 142 4 171
76 140 4 174
27 141 4 175
76 142 4 176
76 141 4 -1
27 142 4 0
76 143 4 1
76 141 4 33
27 142 4 34
76 143 4 35
76 141 4 67
27 142 4 68
76 143 4 69
76 141 4 101
27 142 4 102
76 143 4 103
76 141 4 135
27 142 4 136
76 143 4 137
76 141 4 169
27 142 4 170
76 143 4 171
76 141 4 174
27 142 4 175
76 143 4 176
76 142 4 -1
27 143 4 0
76 144 4 1
76 142 4 33
27 143 4 34
76 144 4 35
76 142 4 67
27 143 4 68
76 144 4 69
76 142 4 101
27 143 4 102
76 144 4 103
76 142 4 135
27 143 4 136
76 144 4 137
76 142 4 169
27 143 4 170
76 144 4 171
76 142 4 174
27 143 4 175
76 144 4 176
76 143 4 -1
27 144 4 0
76 145 4 1
76 143 4 33
27 144 4 34
76 145 4 35
76 143 4 67
27 144 4 68
76 145 4 69
76 143 4 101
27 144 4 102
76 145 4 103
76 143 4 135
27 144 4 136
76 145 4 137
76 143 4 169
27 144 4 170
76 145 4 171
76 143 4 174
27 144 4 175
76 145 4 176
76 144 4 -1
27 145 4 0
76 146 4 1
76 144 4 33
27 145 4 34
76 146 4 35
76 144 4 67
27 145 4 68
76 146 4 69
76 144 4 101
27 145 4 102
76 146 4 103
76 144 4 135
27 145 4 136
76 146 4 137
76 144 4 169
27 145 4 170
76 146 4 171
76 144 4 174
27 145 4 175
76 146 4 176
76 145 4 -1
27 146 4 0
76 147 4 1
76 145 4 33
27 146 4 34
76 147 4 35
76 145 4 67
27 146 4 68
76 147 4 69
76 145 4 101
27 146 4 102
76 147 4 103
76 145 4 135
27 146 4 136
76 147 4 137
76 145 4 169
27 146 4 170
76 147 4 171
76 145 4 174
27 146 4 175
76 147 4 176
76 146 4 -1
27 147 4 0
76 148 4 1
76 146 4 33
27 147 4 34
76 148 4 35
76 146 4 67
27 147 4 68
76 148 4 69
76 146 4 101
27 147 4 102
76 148 4 103
76 146 4 135
27 147 4 136
76 148 4 137
76 146 4 169
27 147 4 170
76 148 4 171
76 146 4 174
27 147 4 175
76 148 4 176
76 147 4 -1
27 148 4 0
76 149 4 1
76 147 4 33
27 148 4 34
76 149 4 35
76 147 4 67
27 148 4 68
76 149 4 69
76 147 4 101
27 148 4 102
76 149 4 103
76 147 4 135
27 148 4 136
76 149 4 137
76 147 4 169
27 148 4 170
76 149 4 171
76 147 4 174
27 148 4 175
76 149 4 176
76 148 4 -1
27 149 4 0
76 150 4 1
76 148 4 33
27 149 4 34
76 150 4 35
76 148 4 67
27 149 4 68
76 150 4 69
76 148 4 101
27 149 4 102
76 150 4 103
76 148 4 135
27 149 4 136
76 150 4 137
76 148 4 169
27 149 4 170
76 150 4 171
76 148 4 174
27 149 4 175
76 150 4 176
76 149 4 -1
27 150 4 0
76 151 4 1
76 149 4 33
27 150 4 34
76 151 4 35
76 149 4 67
27 150 4 68
76 151 4 69
76 149 4 101
27 150 4 102
76 151 4 103
76 149 4 135
27 150 4 136
76 151 4 137
76 149 4 169
27 150 4 170
76 151 4 171
76 149 4 174
27 150 4 175
76 151 4 176
76 150 4 -1
27 151 4 0
76 152 4 1
76 150 4 33
27 151 4 34
76 152 4 35
76 150 4 67
27 151 4 68
76 152 4 69
76 150 4 101
27 151 4 102
76 152 4 103
76 150 4 135
27 151 4 136
76 152 4 137
76 150 4 169
27 151 4 170
76 152 4 171
76 150 4 174
27 151 4 175
76 152 4 176
76 151 4 -1
27 152 4 0
76 153 4 1
76 151 4 33
27 152 4 34
76 153 4 35
76 151 4 67
27 152 4 68
76 153 4 69
76 151 4 101
27 152 4 102
76 153 4 103
76 151 4 135
27 152 4 136
76 153 4 137
76 151 4 169
27 152 4 170
76 153 4 171
76 151 4 174
27 152 4 175
76 153 4 176
76 152 4 -1
27 153 4 0
76 154 4 1
76 152 4 33
27 153 4 34
76 154 4 35
76 152 4 67
27 153 4 68
76 154 4 69
76 152 4 101
27 153 4 102
76 154 4 103
76 152 4 135
27 153 4 136
76 154 4 137
76 152 4 169
27 153 4 170
76 154 4 171
76 152 4 174
27 153 4 175
76 154 4 176
76 153 4 -1
27 154 4 0
76 155 4 1
76 153 4 33
27 154 4 34
76 155 4 35
76 153 4 67
27 154 4 68
76 155 4 69
76 153 4 101
27 154 4 102
76 155 4 103
76 153 4 135
27 154 4 136
76 155 4 137
76 153 4 169
27 154 4 170
76 155 4 171
76 153 4 174
27 154 4 175
76 155 4 176
76 154 4 -1
27 155 4 0
76 156 4 1
76 154 4 33
27 155 4 34
76 156 4 35
76 154 4 67
27 155 4 68
76 156 4 69
76 154 4 101
27 155 4 102
76 156 4 103
76 154 4 135
27 155 4 136
76 156 4 137
76 154 4 169
27 155 4 170
76 156 4 171
76 154 4 174
27 155 4 175
76 156 4 176
76 155 4 -1
27 156 4 0
76 157 4 1
76 155 4 33
27 156 4 34
76 157 4 35
76 155 4 67
27 156 4 68
76 157 4 69
76 155 4 101
27 156 4 102
76 157 4 103
76 155 4 135
27 156 4 136
76 157 4 137
76 155 4 169
27 156 4 170
76 157 4 171
76 155 4 174
27 156 4 175
76 157 4 176
76 156 4 -1
27 157 4 0
76 158 4 1
76 156 4 33
27 157 4 34
76 158 4 35
76 156 4 67
27 157 4 68
76 158 4 69
76 156 4 101
27 157 4 102
76 158 4 103
76 156 4 135
27 157 4 136
76 158 4 137
76 156 4 169
27 157 4 170
76 158 4 171
76 156 4 174
27 157 4 175
76 158 4 176
76 157 4 -1
27 158 4 0
76 159 4 1
76 157 4 33
27 158 4 34
76 159 4 35
76 157 4 67
27 158 4 68
76 159 4 69
76 157 4 101
27 158 4 102
76 159 4 103
76 157 4 135
27 158 4 136
76 159 4 137
76 157 4 169
27 158 4 170
76 159 4 171
76 157 4 174
27 158 4 175
76 159 4 176
76 158 4 -1
27 159 4 0
76 160 4 1
76 158 4 33
27 159 4 34
76 160 4 35
76 158 4 67
27 159 4 68
76 160 4 69
76 158 4 101
27 159 4 102
76 160 4 103
76 158 4 135
27 159 4 136
76 160 4 137
76 158 4 169
27 159 4 170
76 160 4 171
76 158 4 174
27 159 4 175
76 160 4 176
76 159 4 -1
27 160 4 0
76 161 4 1
76 159 4 33
27 160 4 34
76 161 4 35
76 159 4 67
27 160 4 68
76 161 4 69
76 159 4 101
27 160 4 102
76 161 4 103
76 159 4 135
27 160 4 136
76 161 4 137
76 159 4 169
27 160 4 170
76 161 4 171
76 159 4 174
27 160 4 175
76 161 4 176
76 160 4 -1
27 161 4 0
76 162 4 1
76 160 4 33
27 161 4 34
76 162 4 35
76 160 4 67
27 161 4 68
76 162 4 69
76 160 4 101
27 161 4 102
76 162 4 103
76 160 4 135
27 161 4 136
76 162 4 137
76 160 4 169
27 161 4 170
76 162 4 171
76 160 4 174
27 161 4 175
76 162 4 176
76 161 4 -1
27 162 4 0
76 163 4 1
76 161 4 33
27 162 4 34
76 163 4 35
76 161 4 67
27 162 4 68
76 163 4 69
76 161 4 101
27 162 4 102
76 163 4 103
76 161 4 135
27 162 4 136
76 163 4 137
76 161 4 169
27 162 4 170
76 163 4 171
76 161 4 174
27 162 4 175
76 163 4 176
76 162 4 -1
27 163 4 0
76 164 4 1
76 162 4 33
27 163 4 34
76 164 4 35
76 162 4 67
27 163 4 68
76 164 4 69
76 162 4 101
27 163 4 102
76 164 4 103
76 162 4 135
27 163 4 136
76 164 4 137
76 162 4 169
27 163 4 170
76 164 4 171
76 162 4 174
27 163 4 175
76 164 4 176
76 163 4 -1
27 164 4 0
76 165 4 1
76 163 4 33
27 164 4 34
76 165 4 35
76 163 4 67
27 164 4 68
76 165 4 69
76 163 4 101
27 164 4 102
76 165 4 103
76 163 4 135
27 164 4 136
76 165 4 137
76 163 4 169
27 164 4 170
76 165 4 171
76 163 4 174
27 164 4 175
76 165 4 176
76 164 4 -1
27 165 4 0
76 166 4 1
76 164 4 33
27 165 4 34
76 166 4 35
76 164 4 67
27 165 4 68
76 166 4 69
76 164 4 101
27 165 4 102
76 166 4 103
76 164 4 135
27 165 4 136
76 166 4 137
76 164 4 169
27 165 4 170
76 166 4 171
76 164 4 174
27 165 4 175
76 166 4 176
76 165 4 -1
27 166 4 0
76 167 4 1
76 165 4 33
27 166 4 34
76 167 4 35
76 165 4 67
27 166 4 68
76 167 4 69
76 165 4 101
27 166 4 102
76 167 4 103
76 165 4 135
27 166 4 136
76 167 4 137
76 165 4 169
27 166 4 170
76 167 4 171
76 165 4 174
27 166 4 175
76 167 4 176
76 166 4 -1
27 167 4 0
76 168 4 1
76 166 4 33
27 167 4 34
76 168 4 35
76 166 4 67
27 167 4 68
76 168 4 69
76 166 4 101
27 167 4 102
76 168 4 103
76 166 4 135
27 167 4 136
76 168 4 137
76 166 4 169
27 167 4 170
76 168 4 171
76 166 4 174
27 167 4 175
76 168 4 176
76 167 4 -1
27 168 4 0
76 169 4 1
76 167 4 33
27 168 4 34
76 169 4 35
76 167 4 67
27 168 4 68
76 169 4 69
76 167 4 101
27 168 4 102
76 169 4 103
76 167 4 135
27 168 4 136
76 169 4 137
76 167 4 169
27 168 4 170
76 169 4 171
76 167 4 174
27 168 4 175
76 169 4 176
76 168 4 -1
27 169 4 0
76 170 4 1
76 168 4 33
27 169 4 34
76 170 4 35
76 168 4 67
27 169 4 68
76 170 4 69
76 168 4 101
27 169 4 102
76 170 4 103
76 168 4 135
27 169 4 136
76 170 4 137
76 168 4 169
27 169 4 170
76 170 4 171
76 168 4 174
27 169 4 175
76 170 4 176
76 169 4 -1
27 170 4 0
76 171 4 1
76 169 4 0
27 170 4 1
76 171 4 2
76 169 4 1
27 170 4 2
76 171 4 3
76 169 4 2
27 170 4 3
76 171 4 4
76 169 4 3
27 170 4 4
76 171 4 5
76 169 4 4
27 170 4 5
76 171 4 6
76 169 4 5
27 170 4 6
76 171 4 7
76 169 4 6
27 170 4 7
76 171 4 8
76 169 4 7
27 170 4 8
76 171 4 9
76 169 4 8
27 170 4 9
76 171 4 10
76 169 4 9
27 170 4 10
76 171 4 11
76 169 4 10
27 170 4 11
76 171 4 12
76 169 4 11
27 170 4 12
76 171 4 13
76 169 4 12
27 170 4 13
76 171 4 14
76 169 4 13
27 170 4 14
76 171 4 15
76 169 4 14
27 170 4 15
76 171 4 16
76 169 4 15
27 170 4 16
76 171 4 17
76 169 4 16
27 170 4 17
76 171 4 18
76 169 4 17
27 170 4 18
76 171 4 19
76 169 4 18
27 170 4 19
76 171 4 20
76 169 4 19
27 170 4 20
76 171 4 21
76 169 4 20
27 170 4 21
76 171 4 22
76 169 4 21
27 170 4 22
76 171 4 23
76 169 4 22
27 170 4 23
76 171 4 24
76 169 4 23
27 170 4 24
76 171 4 25
76 169 4 24
27 170 4 25
76 171 4 26
76 169 4 25
27 170 4 26
76 171 4 27
76 169 4 26
27 170 4 27
76 171 4 28
76 169 4 27
27 170 4 28
76 171 4 29
76 169 4 28
27 170 4 29
76 171 4 30
76 169 4 29
27 170 4 30
76 171 4 31
76 169 4 30
27 170 4 31
76 171 4 32
76 169 4 31
27 170 4 32
76 171 4 33
76 169 4 32
27 170 4 33
76 171 4 34
76 169 4 33
27 170 4 34
76 171 4 35
76 169 4 34
27 170 4 35
76 171 4 36
76 169 4 35
27 170 4 36
76 171 4 37
76 169 4 36
27 170 4 37
76 171 4 38
76 169 4 37
27 170 4 38
76 171 4 39
76 169 4 38
27 170 4 39
76 171 4 40
76 169 4 39
27 170 4 40
76 171 4 41
76 169 4 40
27 170 4 41
76 171 4 42
76 169 4 41
27 170 4 42
76 171 4 43
76 169 4 42
27 170 4 43
76 171 4 44
76 169 4 43
27 170 4 44
76 171 4 45
76 169 4 44
27 170 4 45
76 171 4 46
76 169 4 45
27 170 4 46
76 171 4 47
76 169 4 46
27 170 4 47
76 171 4 48
76 169 4 47
27 170 4 48
76 171 4 49
76 169 4 48
27 170 4 49
76 171 4 50
76 169 4 49
27 170 4 50
76 171 4 51
76 169 4 50
27 170 4 51
76 171 4 52
76 169 4 51
27 170 4 52
76 171 4 53
76 169 4 52
27 170 4 53
76 171 4 54
76 169 4 53
27 170 4 54
76 171 4 55
76 169 4 54
27 170 4 55
76 171 4 56
76 169 4 55
27 170 4 56
76 171 4 57
76 169 4 56
27 170 4 57
76 171 4 58
76 169 4 57
27 170 4 58
76 171 4 59
76 169 4 58
27 170 4 59
76 171 4 60
76 169 4 59
27 170 4 60
76 171 4 61
76 169 4 60
27 170 4 61
76 171 4 62
76 169 4 61
27 170 4 62
76 171 4 63
76 169 4 62
27 170 4 63
76 171 4 64
76 169 4 63
27 170 4 64
76 171 4 65
76 169 4 64
27 170 4 65
76 171 4 66
76 169 4 65
27 170 4 66
76 171 4 67
76 169 4 66
27 170 4 67
76 171 4 68
76 169 4 67
27 170 4 68
76 171 4 69
76 169 4 68
27 170 4 69
76 171 4 70
76 169 4 69
27 170 4 70
76 171 4 71
76 169 4 70
27 170 4 71
76 171 4 72
76 169 4 71
27 170 4 72
76 171 4 73
76 169 4 72
27 170 4 73
76 171 4 74
76 169 4 73
27 170 4 74
76 171 4 75
76 169 4 74
27 170 4 75
76 171 4 76
76 169 4 75
27 170 4 76
76 171 4 77
76 169 4 76
27 170 4 77
76 171 4 78
76 169 4 77
27 170 4 78
76 171 4 79
76 169 4 78
27 170 4 79
76 171 4 80
76 169 4 79
27 170 4 80
76 171 4 81
76 169 4 80
27 170 4 81
76 171 4 82
76 169 4 81
27 170 4 82
76 171 4 83
76 169 4 82
27 170 4 83
76 171 4 84
76 169 4 83
27 170 4 84
76 171 4 85
76 169 4 84
27 170 4 85
76 171 4 86
76 169 4 85
27 170 4 86
76 171 4 87
76 169 4 86
27 170 4 87
76 171 4 88
76 169 4 87
27 170 4 88
76 171 4 89
76 169 4 88
27 170 4 89
76 171 4 90
76 169 4 89
27 170 4 90
76 171 4 91
76 169 4 90
27 170 4 91
76 171 4 92
76 169 4 91
27 170 4 92
76 171 4 93
76 169 4 92
27 170 4 93
76 171 4 94
76 169 4 93
27 170 4 94
76 171 4 95
76 169 4 94
27 170 4 95
76 171 4 96
76 169 4 95
27 170 4 96
76 171 4 97
76 169 4 96
27 170 4 97
76 171 4 98
76 169 4 97
27 170 4 98
76 171 4 99
76 169 4 98
27 170 4 99
76 171 4 100
76 169 4 99
27 170 4 100
76 171 4 101
76 169 4 100
27 170 4 101
76 171 4 102
76 169 4 101
27 170 4 102
76 171 4 103
76 169 4 102
27 170 4 103
76 171 4 104
76 169 4 103
27 170 4 104
76 171 4 105
76 169 4 104
27 170 4 105
76 171 4 106
76 169 4 105
27 170 4 106
76 171 4 107
76 169 4 106
27 170 4 107
76 171 4 108
76 169 4 107
27 170 4 108
76 171 4 109
76 169 4 108
27 170 4 109
76 171 4 110
76 169 4 109
27 170 4 110
76 171 4 111
76 169 4 110
27 170 4 111
76 171 4 112
76 169 4 111
27 170 4 112
76 171 4 113
76 169 4 112
27 170 4 113
76 171 4 114
76 169 4 113
27 170 4 114
76 171 4 115
76 169 4 114
27 170 4 115
76 171 4 116
76 169 4 115
27 170 4 116
76 171 4 117
76 169 4 116
27 170 4 117
76 171 4 118
76 169 4 117
27 170 4 118
76 171 4 119
76 169 4 118
27 170 4 119
76 171 4 120
76 169 4 119
27 170 4 120
76 171 4 121
76 169 4 120
27 170 4 121
76 171 4 122
76 169 4 121
27 170 4 122
76 171 4 123
76 169 4 122
27 170 4 123
76 171 4 124
76 169 4 123
27 170 4 124
76 171 4 125
76 169 4 124
27 170 4 125
76 171 4 126
76 169 4 125
27 170 4 126
76 171 4 127
76 169 4 126
27 170 4 127
76 171 4 128
76 169 4 127
27 170 4 128
76 171 4 129
76 169 4 128
27 170 4 129
76 171 4 130
76 169 4 129
27 170 4 130
76 171 4 131
76 169 4 130
27 170 4 131
76 171 4 132
76 169 4 131
27 170 4 132
76 171 4 133
76 169 4 132
27 170 4 133
76 171 4 134
76 169 4 133
27 170 4 134
76 171 4 135
76 169 4 134
27 170 4 135
76 171 4 136
76 169 4 135
27 170 4 136
76 171 4 137
76 169 4 136
27 170 4 137
76 171 4 138
76 169 4 137
27 170 4 138
76 171 4 139
76 169 4 138
27 170 4 139
76 171 4 140
76 169 4 139
27 170 4 140
76 171 4 141
76 169 4 140
27 170 4 141
76 171 4 142
76 169 4 141
27 170 4 142
76 171 4 143
76 169 4 142
27 170 4 143
76 171 4 144
76 169 4 143
27 170 4 144
76 171 4 145
76 169 4 144
27 170 4 145
76 171 4 146
76 169 4 145
27 170 4 146
76 171 4 147
76 169 4 146
27 170 4 147
76 171 4 148
76 169 4 147
27 170 4 148
76 171 4 149
76 169 4 148
27 170 4 149
76 171 4 150
76 169 4 149
27 170 4 150
76 171 4 151
76 169 4 150
27 170 4 151
76 171 4 152
76 169 4 151
27 170 4 152
76 171 4 153
76 169 4 152
27 170 4 153
76 171 4 154
76 169 4 153
27 170 4 154
76 171 4 155
76 169 4 154
27 170 4 155
76 171 4 156
76 169 4 155
27 170 4 156
76 171 4 157
76 169 4 156
27 170 4 157
76 171 4 158
76 169 4 157
27 170 4 158
76 171 4 159
76 169 4 158
27 170 4 159
76 171 4 160
76 169 4 159
27 170 4 160
76 171 4 161
76 169 4 160
27 170 4 161
76 171 4 162
76 169 4 161
27 170 4 162
76 171 4 163
76 169 4 162
27 170 4 163
76 171 4 164
76 169 4 163
27 170 4 164
76 171 4 165
76 169 4 164
27 170 4 165
76 171 4 166
76 169 4 165
27 170 4 166
76 171 4 167
76 169 4 166
27 170 4 167
76 171 4 168
76 169 4 167
27 170 4 168
76 171 4 169
76 169 4 168
27 170 4 169
76 171 4 170
76 169 4 169
27 170 4 170
76 171 4 171
76 169 4 170
27 170 4 171
76 171 4 172
76 169 4 171
27 170 4 172
76 171 4 173
76 169 4 172
27 170 4 173
76 171 4 174
76 169 4 173
27 170 4 174
76 171 4 175
76 169 4 174
27 170 4 175
76 171 4 176
76 170 4 -1
27 171 4 0
76 172 4 1
76 170 4 33
27 171 4 34
76 172 4 35
76 170 4 67
27 171 4 68
76 172 4 69
76 170 4 101
27 171 4 102
76 172 4 103
76 170 4 135
27 171 4 136
76 172 4 137
76 170 4 169
27 171 4 170
76 172 4 171
76 170 4 174
27 171 4 175
76 172 4 176
76 171 4 -1
27 172 4 0
76 173 4 1
76 171 4 33
27 172 4 34
76 173 4 35
76 171 4 67
27 172 4 68
76 173 4 69
76 171 4 101
27 172 4 102
76 173 4 103
76 171 4 135
27 172 4 136
76 173 4 137
76 171 4 169
27 172 4 170
76 173 4 171
76 171 4 174
27 172 4 175
76 173 4 176
76 172 4 -1
27 173 4 0
76 174 4 1
76 172 4 33
27 173 4 34
76 174 4 35
76 172 4 67
27 173 4 68
76 174 4 69
76 172 4 101
27 173 4 102
76 174 4 103
76 172 4 135
27 173 4 136
76 174 4 137
76 172 4 169
27 173 4 170
76 174 4 171
76 172 4 174
27 173 4 175
76 174 4 176
76 173 4 -1
27 174 4 0
76 175 4 1
76 173 4 33
27 174 4 34
76 175 4 35
76 173 4 67
27 174 4 68
76 175 4 69
76 173 4 101
27 174 4 102
76 175 4 103
76 173 4 135
27 174 4 136
76 175 4 137
76 173 4 169
27 174 4 170
76 175 4 171
76 173 4 174
27 174 4 175
76 175 4 176
76 174 4 -1
27 175 4 0
76 176 4 1
76 174 4 0
27 175 4 1
76 176 4 2
76 174 4 1
27 175 4 2
76 176 4 3
76 174 4 2
27 175 4 3
76 176 4 4
76 174 4 3
27 175 4 4
76 176 4 5
76 174 4 4
27 175 4 5
76 176 4 6
76 174 4 5
27 175 4 6
76 176 4 7
76 174 4 6
27 175 4 7
76 176 4 8
76 174 4 7
27 175 4 8
76 176 4 9
76 174 4 8
27 175 4 9
76 176 4 10
76 174 4 9
27 175 4 10
76 176 4 11
76 174 4 10
27 175 4 11
76 176 4 12
76 174 4 11
27 175 4 12
76 176 4 13
76 174 4 12
27 175 4 13
76 176 4 14
76 174 4 13
27 175 4 14
76 176 4 15
76 174 4 14
27 175 4 15
76 176 4 16
76 174 4 15
27 175 4 16
76 176 4 17
76 174 4 16
27 175 4 17
76 176 4 18
76 174 4 17
27 175 4 18
76 176 4 19
76 174 4 18
27 175 4 19
76 176 4 20
76 174 4 19
27 175 4 20
76 176 4 21
76 174 4 20
27 175 4 21
76 176 4 22
76 174 4 21
27 175 4 22
76 176 4 23
76 174 4 22
27 175 4 23
76 176 4 24
76 174 4 23
27 175 4 24
76 176 4 25
76 174 4 24
27 175 4 25
76 176 4 26
76 174 4 25
27 175 4 26
76 176 4 27
76 174 4 26
27 175 4 27
76 176 4 28
76 174 4 27
27 175 4 28
76 176 4 29
76 174 4 28
27 175 4 29
76 176 4 30
76 174 4 29
27 175 4 30
76 176 4 31
76 174 4 30
27 175 4 31
76 176 4 32
76 174 4 31
27 175 4 32
76 176 4 33
76 174 4 32
27 175 4 33
76 176 4 34
76 174 4 33
27 175 4 34
76 176 4 35
76 174 4 34
27 175 4 35
76 176 4 36
76 174 4 35
27 175 4 36
76 176 4 37
76 174 4 36
27 175 4 37
76 176 4 38
76 174 4 37
27 175 4 38
76 176 4 39
76 174 4 38
27 175 4 39
76 176 4 40
76 174 4 39
27 175 4 40
76 176 4 41
76 174 4 40
27 175 4 41
76 176 4 42
76 174 4 41
27 175 4 42
76 176 4 43
76 174 4 42
27 175 4 43
76 176 4 44
76 174 4 43
27 175 4 44
76 176 4 45
76 174 4 44
27 175 4 45
76 176 4 46
76 174 4 45
27 175 4 46
76 176 4 47
76 174 4 46
27 175 4 47
76 176 4 48
76 174 4 47
27 175 4 48
76 176 4 49
76 174 4 48
27 175 4 49
76 176 4 50
76 174 4 49
27 175 4 50
76 176 4 51
76 174 4 50
27 175 4 51
76 176 4 52
76 174 4 51
27 175 4 52
76 176 4 53
76 174 4 52
27 175 4 53
76 176 4 54
76 174 4 53
27 175 4 54
76 176 4 55
76 174 4 54
27 175 4 55
76 176 4 56
76 174 4 55
27 175 4 56
76 176 4 57
76 174 4 56
27 175 4 57
76 176 4 58
76 174 4 57
27 175 4 58
76 176 4 59
76 174 4 58
27 175 4 59
76 176 4 60
76 174 4 59
27 175 4 60
76 176 4 61
76 174 4 60
27 175 4 61
76 176 4 62
76 174 4 61
27 175 4 62
76 176 4 63
76 174 4 62
27 175 4 63
76 176 4 64
76 174 4 63
27 175 4 64
76 176 4 65
76 174 4 64
27 175 4 65
76 176 4 66
76 174 4 65
27 175 4 66
76 176 4 67
76 174 4 66
27 175 4 67
76 176 4 68
76 174 4 67
27 175 4 68
76 176 4 69
76 174 4 68
27 175 4 69
76 176 4 70
76 174 4 69
27 175 4 70
76 176 4 71
76 174 4 70
27 175 4 71
76 176 4 72
76 174 4 71
27 175 4 72
76 176 4 73
76 174 4 72
27 175 4 73
76 176 4 74
76 174 4 73
27 175 4 74
76 176 4 75
76 174 4 74
27 175 4 75
76 176 4 76
76 174 4 75
27 175 4 76
76 176 4 77
76 174 4 76
27 175 4 77
76 176 4 78
76 174 4 77
27 175 4 78
76 176 4 79
76 174 4 78
27 175 4 79
76 176 4 80
76 174 4 79
27 175 4 80
76 176 4 81
76 174 4 80
27 175 4 81
76 176 4 82
76 174 4 81
27 175 4 82
76 176 4 83
76 174 4 82
27 175 4 83
76 176 4 84
76 174 4 83
27 175 4 84
76 176 4 85
76 174 4 84
27 175 4 85
76 176 4 86
76 174 4 85
27 175 4 86
76 176 4 87
76 174 4 86
27 175 4 87
76 176 4 88
76 174 4 87
27 175 4 88
76 176 4 89
76 174 4 88
27 175 4 89
76 176 4 90
76 174 4 89
27 175 4 90
76 176 4 91
76 174 4 90
27 175 4 91
76 176 4 92
76 174 4 91
27 175 4 92
76 176 4 93
76 174 4 92
27 175 4 93
76 176 4 94
76 174 4 93
27 175 4 94
76 176 4 95
76 174 4 94
27 175 4 95
76 176 4 96
76 174 4 95
27 175 4 96
76 176 4 97
76 174 4 96
27 175 4 97
76 176 4 98
76 174 4 97
27 175 4 98
76 176 4 99
76 174 4 98
27 175 4 99
76 176 4 100
76 174 4 99
27 175 4 100
76 176 4 101
76 174 4 100
27 175 4 101
76 176 4 102
76 174 4 101
27 175 4 102
76 176 4 103
76 174 4 102
27 175 4 103
76 176 4 104
76 174 4 103
27 175 4 104
76 176 4 105
76 174 4 104
27 175 4 105
76 176 4 106
76 174 4 105
27 175 4 106
76 176 4 107
76 174 4 106
27 175 4 107
76 176 4 108
76 174 4 107
27 175 4 108
76 176 4 109
76 174 4 108
27 175 4 109
76 176 4 110
76 174 4 109
27 175 4 110
76 176 4 111
76 174 4 110
27 175 4 111
76 176 4 112
76 174 4 111
27 175 4 112
76 176 4 113
76 174 4 112
27 175 4 113
76 176 4 114
76 174 4 113
27 175 4 114
76 176 4 115
76 174 4 114
27 175 4 115
76 176 4 116
76 174 4 115
27 175 4 116
76 176 4 117
76 174 4 116
27 175 4 117
76 176 4 118
76 174 4 117
27 175 4 118
76 176 4 119
76 174 4 118
27 175 4 119
76 176 4 120
76 174 4 119
27 175 4 120
76 176 4 121
76 174 4 120
27 175 4 121
76 176 4 122
76 174 4 121
27 175 4 122
76 176 4 123
76 174 4 122
27 175 4 123
76 176 4 124
76 174 4 123
27 175 4 124
76 176 4 125
76 174 4 124
27 175 4 125
76 176 4 126
76 174 4 125
27 175 4 126
76 176 4 127
76 174 4 126
27 175 4 127
76 176 4 128
76 174 4 127
27 175 4 128
76 176 4 129
76 174 4 128
27 175 4 129
76 176 4 130
76 174 4 129
27 175 4 130
76 176 4 131
76 174 4 130
27 175 4 131
76 176 4 132
76 174 4 131
27 175 4 132
76 176 4 133
76 174 4 132
27 175 4 133
76 176 4 134
76 174 4 133
27 175 4 134
76 176 4 135
76 174 4 134
27 175 4 135
76 176 4 136
76 174 4 135
27 175 4 136
76 176 4 137
76 174 4 136
27 175 4 137
76 176 4 138
76 174 4 137
27 175 4 138
76 176 4 139
76 174 4 138
27 175 4 139
76 176 4 140
76 174 4 139
27 175 4 140
76 176 4 141
76 174 4 140
27 175 4 141
76 176 4 142
76 174 4 141
27 175 4 142
76 176 4 143
76 174 4 142
27 175 4 143
76 176 4 144
76 174 4 143
27 175 4 144
76 176 4 145
76 174 4 144
27 175 4 145
76 176 4 146
76 174 4 145
27 175 4 146
76 176 4 147
76 174 4 146
27 175 4 147
76 176 4 148
76 174 4 147
27 175 4 148
76 176 4 149
76 174 4 148
27 175 4 149
76 176 4 150
76 174 4 149
27 175 4 150
76 176 4 151
76 174 4 150
27 175 4 151
76 176 4 152
76 174 4 151
27 175 4 152
76 176 4 153
76 174 4 152
27 175 4 153
76 176 4 154
76 174 4 153
27 175 4 154
76 176 4 155
76 174 4 154
27 175 4 155
76 176 4 156
76 174 4 155
27 175 4 156
76 176 4 157
76 174 4 156
27 175 4 157
76 176 4 158
76 174 4 157
27 175 4 158
76 176 4 159
76 174 4 158
27 175 4 159
76 176 4 160
76 174 4 159
27 175 4 160
76 176 4 161
76 174 4 160
27 175 4 161
76 176 4 162
76 174 4 161
27 175 4 162
76 176 4 163
76 174 4 162
27 175 4 163
76 176 4 164
76 174 4 163
27 175 4 164
76 176 4 165
76 174 4 164
27 175 4 165
76 176 4 166
76 174 4 165
27 175 4 166
76 176 4 167
76 174 4 166
27 175 4 167
76 176 4 168
76 174 4 167
27 175 4 168
76 176 4 169
76 174 4 168
27 175 4 169
76 176 4 170
76 174 4 169
27 175 4 170
76 176 4 171
76 174 4 170
27 175 4 171
76 176 4 172
76 174 4 171
27 175 4 172
76 176 4 173
76 174 4 172
27 175 4 173
76 176 4 174
76 174 4 173
27 175 4 174
76 176 4 175
76 174 4 174
27 175 4 175
76 176 4 176
